   0.00000000000000000E+00   0.00000000000000000E+00   0.10000000000000000E+01   0.00000000000000000E+00
   0.94920140844132454E+00   0.00000000000000000E+00   0.31466916946692742E+00   0.00000000000000000E+00
  -0.75287589586869296E+00  -0.60703853736234814E+00   0.25432675749298212E+00   0.00000000000000000E+00
   0.26815793244867025E+00   0.35696493548909402E+00  -0.89480017774703277E+00   0.00000000000000000E+00
  -0.48940308859491779E+00  -0.73453802986506726E-01   0.86895866167532656E+00   0.00000000000000000E+00
  -0.44646648708160627E+00   0.65926209441912009E+00   0.60501336082364742E+00   0.00000000000000000E+00
  -0.19062329101504644E-02   0.77283680373071099E+00  -0.63460195483105064E+00   0.00000000000000000E+00
  -0.37293474719784716E-02  -0.77731312107054488E+00  -0.62910285627948123E+00   0.00000000000000000E+00
  -0.82283776148544554E+00  -0.50469600117200394E+00  -0.26118951869209743E+00   0.00000000000000000E+00
  -0.94920150835379573E+00  -0.93925042203578961E-04  -0.31466885406243427E+00   0.00000000000000000E+00
  -0.21554681559504920E+00   0.43301080714047568E+00  -0.87523780264930710E+00   0.00000000000000000E+00
   0.36714578492334051E-02   0.77735997449012392E+00   0.62904530079953318E+00   0.00000000000000000E+00
   0.14759872298830856E+00   0.96510038584943433E+00   0.21632351283550637E+00   0.00000000000000000E+00
   0.82168815776467578E+00  -0.50468349762779549E+00   0.26480773895690430E+00   0.00000000000000000E+00
   0.75148917716612242E+00  -0.61055954725497985E+00  -0.24996210884447735E+00   0.00000000000000000E+00
   0.11255097720723619E+00  -0.97209688499694522E+00   0.20581526597638948E+00   0.00000000000000000E+00
  -0.46429198539509100E+00  -0.70779778974845051E+00  -0.53240514753812515E+00   0.00000000000000000E+00
  -0.51515488190689850E+00  -0.55846651723931390E+00   0.65017735793403366E+00   0.00000000000000000E+00
   0.72153291531038483E+00   0.29443208857084265E+00   0.62665779923616078E+00   0.00000000000000000E+00
   0.21653942848036376E+00   0.43878217788612561E+00   0.87211288047070247E+00   0.00000000000000000E+00
   0.33346479431932030E+00  -0.88564211826449881E+00  -0.32317065043958588E+00   0.00000000000000000E+00
  -0.72147009479259232E+00  -0.25955442574941671E+00  -0.64195981369074681E+00   0.00000000000000000E+00
   0.57939435969919728E+00   0.80357993662673301E+00   0.13624045434353586E+00   0.00000000000000000E+00
  -0.33547858437810411E+00  -0.88254066189109785E+00   0.32950887625750855E+00   0.00000000000000000E+00
   0.81885799016461202E+00  -0.19421730247640979E+00  -0.54014001088825001E+00   0.00000000000000000E+00
   0.16166586110495519E+00  -0.42787140246736088E+00  -0.88926385977605484E+00   0.00000000000000000E+00
  -0.45580112859731167E+00   0.35673435693620296E-01  -0.88936648079137210E+00   0.00000000000000000E+00
   0.96835250059886117E+00  -0.23350417335453914E+00  -0.88143267524784398E-01   0.00000000000000000E+00
  -0.31365885071579855E+00   0.91913699496415688E+00   0.23833864532614943E+00   0.00000000000000000E+00
  -0.81067060925701195E-05  -0.71689789714418523E-02  -0.99997430250721368E+00   0.00000000000000000E+00
   0.47432661544197651E+00   0.68115812434145066E+00   0.55770769362363665E+00   0.00000000000000000E+00
   0.72088231563968321E+00  -0.25658811972959876E+00   0.64380992832636341E+00   0.00000000000000000E+00
   0.72464963005735638E+00   0.26536945892356822E+00  -0.63597324151912957E+00   0.00000000000000000E+00
  -0.86936989092851781E+00   0.44844735221137490E+00  -0.20758363384800810E+00   0.00000000000000000E+00
  -0.14540156020249721E+00   0.96385854250787588E+00  -0.22323775739169375E+00   0.00000000000000000E+00
  -0.57756337396576764E+00   0.80390039784220732E+00  -0.14200246266322189E+00   0.00000000000000000E+00
   0.44796177059001927E+00   0.65388928361995368E+00  -0.60972047436250544E+00   0.00000000000000000E+00
   0.87039093010120733E+00   0.44794247821115504E+00   0.20437016663790239E+00   0.00000000000000000E+00
  -0.72403830734119321E+00   0.27157174179519731E+00   0.63404835664231669E+00   0.00000000000000000E+00
  -0.11476664417048800E+00  -0.97328849759573206E+00  -0.19884194183744877E+00   0.00000000000000000E+00
   0.95751051929979009E+00   0.19906740558821836E+00  -0.20867624077173276E+00   0.00000000000000000E+00
  -0.26733709416711155E+00   0.36398031943263848E+00   0.89221589604086268E+00   0.00000000000000000E+00
  -0.95705293978327414E+00   0.20273888538006454E+00   0.20723565042492473E+00   0.00000000000000000E+00
  -0.16263262978737276E+00  -0.42111591324169879E+00   0.89230713061313888E+00   0.00000000000000000E+00
  -0.30567329268515686E+00  -0.41595057642607864E+00  -0.85647472590253794E+00   0.00000000000000000E+00
  -0.96888113239900039E+00  -0.23065997817635501E+00   0.89807158672981621E-01   0.00000000000000000E+00
   0.30473221695912346E+00  -0.41049478177133771E+00   0.85943720543485859E+00   0.00000000000000000E+00
   0.53042470357174584E+00  -0.84235640353585985E+00   0.95316962094672561E-01   0.00000000000000000E+00
   0.51387628209256437E+00  -0.56428523793623526E+00  -0.64615271952532200E+00   0.00000000000000000E+00
  -0.74708235866187964E+00   0.61415464118380391E+00   0.25432661301679697E+00   0.00000000000000000E+00
  -0.47277859811201334E+00   0.67822105078240486E+00  -0.56258030843858186E+00   0.00000000000000000E+00
   0.31574985576656251E+00   0.91668786659252177E+00  -0.24491913731974079E+00   0.00000000000000000E+00
  -0.53234285811738155E+00  -0.84180769155186840E+00  -0.89279851341339409E-01   0.00000000000000000E+00
  -0.81929384593557035E+00  -0.18847437972223390E+00   0.54151177475694929E+00   0.00000000000000000E+00
   0.19640396476248746E-02  -0.77278954858609472E+00   0.63465932290037496E+00   0.00000000000000000E+00
  -0.72086546794892312E+00   0.29157447943946927E+00  -0.62875853875584279E+00   0.00000000000000000E+00
   0.46268293894663994E+00  -0.70501845482792031E+00   0.53746951202812560E+00   0.00000000000000000E+00
   0.74847720392623493E+00   0.61061228067515322E+00  -0.25871706146184707E+00   0.00000000000000000E+00
   0.48922737574455785E+00  -0.80795975923892697E-01  -0.86840577214606256E+00   0.00000000000000000E+00
   0.45588860705312486E+00   0.41010348961538687E-01   0.88909151904470125E+00   0.00000000000000000E+00
