   0.00000000000000000E+00   0.00000000000000000E+00   0.10000000000000000E+01   0.00000000000000000E+00
   0.60706203174588546E+00   0.00000000000000000E+00  -0.79465444667009679E+00   0.00000000000000000E+00
  -0.18759250878426961E+00  -0.57735027913584415E+00   0.79465445687404701E+00   0.00000000000000000E+00
   0.72360681081629092E+00   0.52573111771449179E+00  -0.44721356778048182E+00   0.00000000000000000E+00
   0.18759251897815802E+00  -0.57735027538633412E+00  -0.79465445719177445E+00   0.00000000000000000E+00
  -0.18759245297246355E+00   0.57735027409163439E+00   0.79465447371426067E+00   0.00000000000000000E+00
   0.27639317332555899E+00  -0.85065080615071941E+00   0.44721361756341764E+00   0.00000000000000000E+00
  -0.27639330046517396E+00   0.85065079843653617E+00  -0.44721355366005131E+00   0.00000000000000000E+00
  -0.79465448415891142E+00  -0.57735023267270477E+00  -0.18759253620255799E+00   0.00000000000000000E+00
  -0.30353101312855095E+00  -0.93417236362551765E+00   0.18759242817200579E+00   0.00000000000000000E+00
  -0.27639316131022684E+00  -0.85065081747271840E+00  -0.44721360345357910E+00   0.00000000000000000E+00
   0.79465445554393321E+00   0.57735028143771325E+00   0.18759250733429752E+00   0.00000000000000000E+00
   0.30353103401599352E+00  -0.93417235388141666E+00  -0.18759244289905470E+00   0.00000000000000000E+00
   0.49112343617444214E+00   0.35682213796415229E+00   0.79465447352852685E+00   0.00000000000000000E+00
   0.27639318066275304E+00   0.85065085113076719E+00   0.44721352747164111E+00   0.00000000000000000E+00
   0.46694890633275711E-07  -0.30820725882404240E-07  -0.99999999999999840E+00   0.00000000000000000E+00
   0.30353095537962420E+00   0.93417236191980581E+00  -0.18759253010582234E+00   0.00000000000000000E+00
   0.89442716573268903E+00  -0.31584567763228705E-08   0.44721364603440818E+00   0.00000000000000000E+00
   0.72360682976625749E+00  -0.52573108587916870E+00  -0.44721357454345742E+00   0.00000000000000000E+00
   0.49112345609964878E+00  -0.35682208432427087E+00   0.79465448529988123E+00   0.00000000000000000E+00
  -0.98224695055379580E+00  -0.26543344997657918E-07   0.18759245221428315E+00   0.00000000000000000E+00
  -0.79465452943001277E+00   0.57735020084962158E+00  -0.18759244237246484E+00   0.00000000000000000E+00
  -0.60706199351341103E+00  -0.39888621229708824E-07   0.79465447587710826E+00   0.00000000000000000E+00
   0.98224695952791005E+00   0.21169717647838202E-07  -0.18759240522520009E+00   0.00000000000000000E+00
  -0.72360679529913616E+00   0.52573107353445882E+00   0.44721364482450614E+00   0.00000000000000000E+00
   0.79465446812545543E+00  -0.57735026879651050E+00   0.18759249294373830E+00   0.00000000000000000E+00
  -0.49112337829472032E+00   0.35682212513111140E+00  -0.79465451506255124E+00   0.00000000000000000E+00
  -0.30353104793684702E+00   0.93417234083907452E+00   0.18759248532284903E+00   0.00000000000000000E+00
   0.18759248218909741E+00   0.57735028558986689E+00  -0.79465445846319413E+00   0.00000000000000000E+00
  -0.72360681627300635E+00  -0.52573113240029165E+00   0.44721354168713460E+00   0.00000000000000000E+00
  -0.49112343161533198E+00  -0.35682211118654678E+00  -0.79465448837010663E+00   0.00000000000000000E+00
  -0.89442714657972270E+00   0.35400269263180477E-07  -0.44721368434033204E+00   0.00000000000000000E+00
