  0.0000000000000000e+000  0.0000000000000000e+000  1.0000000000000000e+000  7.5567399737601471e-001
  7.5397881209560258e-001  0.0000000000000000e+000  6.5689873718169378e-001  7.5567399737601415e-001
  3.9024214297866944e-001  8.0603232928532142e-001 -4.4499770110675285e-001  7.5567399737601382e-001
  4.9486989212483379e-001 -1.2785485841738506e-001 -8.5950970038006302e-001  8.7457066146174822e-001
  3.5550327066727017e-001  8.0642408312607816e-001  4.7254377860589580e-001  8.7457066146174889e-001
 -4.4639745396896396e-001  8.7948088862509521e-001 -1.6505356595129786e-001  7.5567399737601615e-001
  1.6879103220523275e-001 -8.7948088862509655e-001 -4.4499770110676162e-001  7.5567399737601482e-001
  9.5037003045255675e-001  2.6373116157247517e-001 -1.6505356595129697e-001  7.5567399737601681e-001
 -5.9186840898351090e-001 -8.0603232928532031e-001  1.9158794869166124e-003  7.5567399737601482e-001
 -5.2729265367427369e-001  5.9340863472386685e-001  6.0813538757113850e-001  7.5567399737601415e-001
 -7.4874376444771429e-001 -2.6373116157247445e-001  6.0813538757113872e-001  7.5567399737601593e-001
 -9.7313151008325149e-001  1.2785485841738412e-001 -1.9148942336891894e-001  8.7457066146174756e-001
 -2.6038065990780523e-001  3.9387474829047187e-001 -8.8151267410349432e-001  7.5567399737601515e-001
  8.0489907543800054e-001 -5.9340863472386662e-001  1.9158794869143919e-003  7.5567399737601437e-001
  1.2275834729114876e-001 -8.0642408312607827e-001  5.7845534514308850e-001  8.7457066146174844e-001
 -4.9359815218779596e-001 -3.9387474829047248e-001 -7.7538606307820002e-001  7.5567399737601582e-001
