  0.0000000000000000e+000  0.0000000000000000e+000  1.0000000000000000e+000  5.2688852857035740e-001
  7.3332662476066635e-001  0.0000000000000000e+000  6.7987650453382253e-001  4.8517260363055503e-001
 -4.1703174931237030e-001 -8.9331832443723103e-001 -1.6753176203371814e-001  5.2688852857034729e-001
 -2.3148157262391481e-001  6.2086171506195686e-001  7.4896395928367931e-001  4.7027777676339627e-001
  1.5376526463664419e-001 -9.6040129078482739e-001  2.3234802355531300e-001  4.8036739998200922e-001
 -3.8639549126275058e-001 -6.6071255909450755e-001  6.4355064958914032e-001  5.1130467009720937e-001
 -7.7100588074644305e-001  5.6050653866921296e-001  3.0229514048932310e-001  5.0662894878467601e-001
 -9.5904488986672295e-002  9.8682694462838261e-001  1.3028779815322827e-001  5.2158476264086728e-001
  9.9753454917619763e-002  7.7271712124943093e-001 -6.2686322173181508e-001  5.2835287550309451e-001
  8.1729098835328640e-001 -5.5984239385156331e-001  1.3642556359809974e-001  5.2388160952392504e-001
  2.3731032274892283e-001  8.1268871648372931e-002 -9.6802850227552817e-001  4.9801074303678600e-001
  3.4056023497953197e-001 -8.4133981116075574e-001 -4.1972139391109159e-001  4.8517260363053816e-001
 -9.6107288980619909e-001  1.5336645318646996e-001 -2.2982086832262122e-001  5.0662894878468501e-001
 -8.8707950877240049e-001 -4.2783029690393531e-001  1.7335276798253621e-001  5.0824275491193449e-001
  7.2127267312620069e-001  4.0121607916975960e-001 -5.6461614289447126e-001  4.5807421934402659e-001
 -5.5281137392195456e-001  7.4527633397548554e-001 -3.7277710616208931e-001  4.7260245488145702e-001
  5.7972751318917726e-001  8.1475631313652919e-001 -9.3893905905605198e-003  4.9801074303680076e-001
 -7.6290833411402692e-002 -5.2308790591449184e-001 -8.4885732100476419e-001  5.1744653494366100e-001
  4.5598350733699317e-001  6.1709008533517840e-001  6.4131027406215524e-001  5.1744653494365034e-001
  7.6335128670212427e-001 -3.1064683553526645e-001 -5.6638622569951014e-001  5.2145733924049764e-001
 -4.5083457998245280e-001  2.2653578045818520e-001 -8.6338272027198126e-001  5.2158476264086706e-001
 -7.0744962117640320e-001 -3.9870329484356803e-001 -5.8356723364000340e-001  4.7027777676340909e-001
  9.8496635813480182e-001  1.6407194692825858e-001  5.4052470561816827e-002  5.2145733924048809e-001
  3.4041373095481325e-001 -5.6058402156015719e-001  7.5489340078508127e-001  4.8036739998200212e-001
 -6.9071947720698634e-001 -7.2100091830313269e-003  7.2308686862263516e-001  5.0824275491193671e-001
