  0.0000000000000000e+000  0.0000000000000000e+000  1.0000000000000000e+000  3.4493903969345951e-001
  8.9865923274700577e-001  0.0000000000000000e+000 -4.3864744772831288e-001  3.5131677019662444e-001
  3.4651214051879298e-001 -8.8246062704898176e-001  3.1810780905441821e-001  3.5358289706443602e-001
  3.7867782822111329e-001  7.0511186289957256e-002 -9.2283870477008278e-001  3.6442075265351870e-001
  5.7943355701982457e-001  7.2409530712379794e-002  8.1179653415210307e-001  3.6437226221185398e-001
 -9.3707097966943076e-001 -2.9128777423915969e-001 -1.9248223720688978e-001  3.3953667663003217e-001
 -2.3926620775562013e-001 -8.4419609115904659e-001  4.7967138907592899e-001  3.5358289706440266e-001
  6.0319677354772805e-001  5.0678011032355896e-001 -6.1589574780319134e-001  3.3534592699297433e-001
 -5.3268866585460839e-001  6.2042680241262116e-001 -5.7559826973166606e-001  3.4739506473566034e-001
 -5.4487477046409172e-001 -6.2880509222728753e-001 -5.5472122773582033e-001  3.6437226221187979e-001
 -4.2120906226166471e-001 -4.0512062677334365e-001  8.1145560792407012e-001  3.3534592699299154e-001
 -9.1364502862624353e-001  2.4127092250607393e-001  3.2717136735909336e-001  3.5131677019655438e-001
  2.1352442588725101e-001 -5.2575747050423882e-001  8.2339929667112566e-001  3.4739506473566001e-001
 -8.4373831506349006e-001 -3.3029690796320577e-001  4.2309527093051791e-001  3.6442075265354462e-001
  6.3043014960287469e-001  6.0342796794461406e-001  4.8829551910081143e-001  3.6437226221188018e-001
  8.9204429728929435e-001 -4.4742814501808792e-001 -6.3757562055979516e-002  3.6442075265351842e-001
 -6.4669560751115818e-001 -7.6121959432633934e-001  4.8265105815873836e-002  3.4068326341128952e-001
 -1.8808918671391858e-001  9.7095668841772598e-001 -1.4787010197528042e-001  3.5358289706440227e-001
 -5.5221360280015086e-001  1.9352671435783911e-001  8.1093005106010008e-001  3.5131677019655416e-001
 -1.1969748542382441e-001 -9.8485382193950666e-001 -1.2544106741557917e-001  3.4739506473567888e-001
  4.9813931289303920e-001 -8.3345440040256258e-001 -2.3918818407282516e-001  3.3534592699297394e-001
  8.7124684979989808e-001  4.8668398635154736e-001 -6.3777928335127632e-002  3.4493903969337802e-001
 -1.2231429893175153e-001 -3.0049152526730405e-001 -9.4590911588765403e-001  3.3953667663007542e-001
  7.2255145659691888e-001 -4.6005759600837504e-001  5.1601007831695078e-001  3.4068326341123523e-001
 -6.8012702417882909e-001  7.3179491685226483e-001  4.3628323951733050e-002  3.3534592699299115e-001
 -9.1839569425236045e-001  2.7241117868122916e-001 -2.8695208399352717e-001  3.4493903969345940e-001
 -6.6498893615886956e-001 -4.7032406429625216e-002 -7.4537082551689227e-001  3.6437226221185415e-001
 -1.8034406208462606e-001  2.9923001770726826e-001 -9.3698314593898879e-001  3.4068326341123539e-001
  4.7148844452404158e-002 -7.5909516503275998e-001 -6.4926998767129995e-001  3.4493903969337758e-001
  5.6719939867941327e-001 -4.3479763686392225e-001 -6.9945397069089599e-001  3.5131677019662355e-001
  8.0843253951430730e-002  7.5570002979009909e-001 -6.4990909615559922e-001  3.5358289706443619e-001
  1.0760436143686462e-001  5.3732113498287681e-001  8.3648508611957795e-001  3.3953667663003212e-001
  4.3886172539121471e-001  8.9018449003111366e-001 -1.2235995952390713e-001  3.4739506473567888e-001
 -4.2698381044712769e-001  7.0721386669139663e-001  5.6350099589570801e-001  3.6442075265354401e-001
  9.5178091716418467e-001  5.4458164523627541e-002  3.0190626697506784e-001  3.3953667663007497e-001
  1.0448821299850744e-001  9.2204717262755387e-001  3.7270796180644222e-001  3.4068326341128963e-001
