   0.0000000000000000E+00   0.0000000000000000E+00   1.0000000000000000E+00   5.5139649403977166E-02
   8.7501412533737745E-01   0.0000000000000000E+00   4.8409738737165719E-01   4.0657372614971105E-02
   3.3521995689262302E-01  -4.1361655762436253E-01  -8.4649212858707691E-01   4.3608401015570015E-02
  -2.0396013090074065E-01  -5.1061257335351655E-01   8.3526945648470380E-01   4.3231561904791337E-02
  -8.3487584819254347E-01   3.3642373495122104E-01  -4.3566201196139626E-01   4.7656378702360360E-02
   9.5939791140482615E-02   9.9470662694815370E-01  -3.6800581263712439E-02   4.9408423600385722E-02
  -3.5199605733852696E-01  -4.2335440991239199E-01  -8.3478728980852530E-01   4.1017678966430928E-02
   7.0426073016697410E-01  -2.1586221957743769E-01  -6.7632856372016592E-01   5.2035118806560092E-02
  -9.1201472751731209E-02   5.7782104839745738E-01   8.1105186480075275E-01   4.1340925481407708E-02
   4.0704943914737512E-01  -1.8908454006581120E-01  -8.9362060786326313E-01   5.5138177051022045E-02
  -7.0523574983900783E-01   3.2034252316639970E-01   6.3247387693121126E-01   3.4859666816763668E-02
   5.8683173914293700E-01  -9.5160744160052264E-02  -8.0409759526153372E-01   3.5790298657186316E-02
  -4.4980129190675945E-01   8.3748490042041403E-01   3.1031893169257234E-01   4.0610690556157829E-02
  -7.2475596990174286E-01  -4.7614190363600119E-01   4.9801372641089818E-01   5.5752679326317178E-02
  -7.8457623480574234E-01   6.0709656382296985E-01  -1.2599164247039316E-01   4.2438662557434350E-02
  -7.9828065935032253E-01  -2.7505289864350457E-01   5.3581143311338568E-01   3.4784986278623453E-02
   3.0754112875287011E-01   8.0024199558963662E-01  -5.1481181282108003E-01   3.4089952778124930E-02
  -3.0757446154783387E-01  -7.4649865790011009E-01  -5.9003195197963176E-01   4.1377737479240668E-02
  -6.9994467982954100E-01   6.8300645503302073E-02  -7.1092367171318304E-01   3.8170793668646583E-02
  -2.9837197499481810E-01  -3.2116689367426221E-01   8.9879140569173046E-01   3.5472987395748902E-02
   6.2619034369798978E-01  -7.0800355296020427E-01  -3.2652200914351983E-01   3.9257577810895650E-02
  -7.2246386608030368E-01   8.6226202093515453E-02   6.8601093597757571E-01   3.4540862719072258E-02
  -6.5652736866245504E-01   7.5423205930996992E-01  -1.0286637263682252E-02   4.7151286668691110E-02
   8.2098759747669696E-01   2.0037704633865378E-01   5.3462922113371060E-01   4.8582260212306938E-02
   5.4445249383954950E-01  -4.3948176612594584E-01   7.1444192149867209E-01   5.4704666766719736E-02
  -1.2465408266997581E-01   9.6238356627747396E-01   2.4141091738518731E-01   4.1276445452826733E-02
  -4.1447459905681007E-01   3.3981089841422957E-01   8.4423892356110350E-01   3.2482344503137334E-02
  -4.5634934844893768E-01   8.1721224296340952E-01  -3.5200770179208209E-01   5.3059162069848477E-02
  -5.1707828438059095E-01  -2.4107091138551637E-01   8.2128853852089118E-01   3.4319575412802163E-02
   2.6263658778605440E-01  -4.1638541424477182E-02  -9.6399598268049864E-01   3.4066524030935361E-02
  -3.6582241080295774E-01  -9.3062171164943929E-01  -1.0825597488349290E-02   4.6268886550855450E-02
   1.2018643775128980E-01   8.8108216197195368E-01  -4.5743791276574716E-01   4.4644384536167045E-02
   1.7340038653776832E-01   5.6991288982278476E-01  -8.0320084907972741E-01   4.4274264040270248E-02
   4.4183402006627927E-01   6.6175857540212010E-01   6.0568827510017655E-01   4.1486415254946793E-02
  -7.3471532061685493E-01  -6.7258211967289662E-01   8.8468581695341974E-02   3.6628256292705962E-02
  -7.9194003638206957E-01   4.1263585100794228E-01   4.5006958710639128E-01   4.3817672887231911E-02
  -7.1928898256751754E-01   2.7442090840120076E-01  -6.3821354152763429E-01   5.3464420340408294E-02
  -1.9804050184533704E-01  -8.7304455528890905E-01  -4.4561548908138046E-01   4.6184083465402796E-02
   7.6938065362908512E-01   6.3439862711501193E-01   7.4778283852130584E-02   4.9694692928354253E-02
  -3.6047013254147031E-01   7.7286853509663462E-01   5.2224085535614381E-01   4.8750204678108826E-02
  -6.3967644446864095E-02   2.1136562982888720E-01   9.7531159687094728E-01   3.3734698998679242E-02
   1.4348061356676399E-01  -8.6345638374011759E-01   4.8358700035148158E-01   4.8839198698574008E-02
   3.4970217426024250E-01   5.3274787667701648E-01   7.7064134927590624E-01   4.8225466820803735E-02
  -3.7571617133972763E-01  -1.1614218620086402E-01   9.1942827408031142E-01   5.6661518055015225E-02
  -4.3869517456969351E-01  -8.1255745691412855E-01   3.8379281262487179E-01   3.5737512978547050E-02
   1.1300697835301822E-01   9.6138174740946134E-01  -2.5094732234365690E-01   3.6629204327320259E-02
   7.5470995821349458E-01   2.1656686469892796E-01  -6.1928319215675600E-01   3.5668599548284523E-02
  -3.3174634067161967E-01  -3.3688087931112784E-02  -9.4276692675471771E-01   4.5401126558586852E-02
  -2.2347578723210936E-01   7.1014428143411345E-01  -6.6764786532079591E-01   5.6537980014707036E-02
  -9.7552877667758970E-02   9.8012702885048419E-01  -1.7272649876455314E-01   4.6371681014807002E-02
  -9.7880767166640385E-01  -8.5342071647298602E-02   1.8615120921965713E-01   3.3701265156461284E-02
   7.7252620114808756E-01  -1.2330792113953847E-01   6.2289519593905184E-01   4.8403443467668516E-02
  -9.1015885144389123E-01  -1.8354138024207486E-01   3.7138043416040500E-01   5.6540976275063883E-02
  -5.6391517686895120E-01  -8.2492130411231183E-01   3.8788082170971986E-02   4.0784326395578744E-02
  -8.0165251418630205E-01  -8.2116118761780541E-02  -5.9212345802060752E-01   4.9383669906375819E-02
   2.3895747960655659E-01   6.9968858544276546E-01   6.7330172013829283E-01   4.2243343305643037E-02
  -7.6839669117196276E-02   9.2300484817082057E-01  -3.7703808229822115E-01   4.7583858181686462E-02
  -6.4588231195822167E-01   5.3500290836968558E-01   5.4461722992894765E-01   4.8766430233998434E-02
  -6.0718254159369777E-01   6.7199082740345241E-01  -4.2397840637164643E-01   3.6301064926571360E-02
  -3.8070606510360587E-01   5.6838986740972927E-01  -7.2938045670231623E-01   3.2268830653947344E-02
  -8.3128489402917864E-01   1.8440004293167326E-01   5.2436823809770771E-01   5.7074018435871769E-02
   1.4313824098541358E-01   7.4631885162951565E-01  -6.5001508880179281E-01   5.5750159273077919E-02
  -3.2888384689304990E-01   5.3115694985265982E-01   7.8083782559251568E-01   5.3299627337093538E-02
   2.4586778000171269E-01   3.7622760568991235E-01   8.9330947799397346E-01   3.9107923625625197E-02
  -2.6841438153105023E-01   2.2175058861008238E-01   9.3743287559077295E-01   5.7579881940441950E-02
  -4.9095910327659053E-01  -8.5452841267220893E-01  -1.6952979338677081E-01   4.1056617370376331E-02
  -8.8145166057850072E-01  -3.9617069982067878E-01  -2.5708315127016168E-01   4.8542139461031190E-02
   2.3580182428999441E-01  -9.6272890470120593E-01  -1.3247851038688072E-01   4.3220852661104434E-02
   7.7408852054138845E-01   4.9360848528427361E-01   3.9640588494800317E-01   4.3218864602638902E-02
  -5.4757531015374762E-01  -3.5105876932524053E-01  -7.5955185483933531E-01   4.8749068484439606E-02
   7.7347056135254508E-01  -5.9484732239127255E-01  -2.1886058065561280E-01   4.8404195277851860E-02
  -3.6751453836098808E-01   1.7797745864344751E-01  -9.1282916709980828E-01   3.4861977497883653E-02
  -7.2903799049907291E-01   5.9549808056227142E-01   3.3746947188704967E-01   3.8168313217748890E-02
   6.3196771604227901E-01  -5.4850315532357143E-01   5.4750442416513092E-01   3.8865533350276244E-02
  -9.2038652615276586E-01   3.6001437558359383E-02   3.8934886537676680E-01   3.2265629944803397E-02
   5.9850750504962455E-01   7.8389685763226388E-01   1.6521042035397104E-01   4.2983344083666823E-02
  -7.6800831309713331E-01  -5.8295341186137230E-01  -2.6519530654383909E-01   3.7110039017102747E-02
  -3.6214113093892068E-02  -3.0717638601512393E-01  -9.5096330417504031E-01   3.6962251910851158E-02
   1.3344407312208441E-01   5.6499351956177967E-01   8.1423276905426771E-01   4.0686412629418491E-02
   2.0972955126054144E-01  -9.7448568371405102E-01   7.9944778218533825E-02   3.9851256979799437E-02
   5.3209526454900721E-01   7.4893843984371351E-01   3.9492511032977652E-01   4.2945541172066388E-02
   2.7352759398670389E-01  -2.3834488258012869E-01   9.3186606992405813E-01   5.2035926013945079E-02
  -1.8594059320870574E-01   3.3575163984507088E-01  -9.2341590420489314E-01   3.4543860320490131E-02
   8.2759315695129540E-01  -5.6127487420588559E-01  -7.7512678031114079E-03   4.2223604802643244E-02
   4.6495290045692643E-01   8.8457302366135781E-01   3.6733719758477176E-02   4.6267931288624897E-02
  -8.3012846283485224E-01  -5.4749371661865531E-02   5.5487768156060841E-01   4.4114148436367441E-02
  -8.6411955275314014E-01  -4.8590493357749346E-01   1.3112510848332763E-01   4.7585593489549005E-02
   9.0156056212416881E-01   3.7800760734319407E-01  -2.1047280492506930E-01   4.8838541059893758E-02
   4.6605566303373526E-01  -2.5384399419383796E-01   8.4755846144434450E-01   4.0259824518589599E-02
  -1.3877015714601688E-01  -4.7099350521669069E-01  -8.7115323653727241E-01   4.1341817111093606E-02
   3.4173452608049652E-01  -7.0741038480269651E-01  -6.1869868365613909E-01   4.3059454184409764E-02
   3.9535341925168395E-04  -9.9197956255071968E-01   1.2639774989040315E-01   4.9696476305055075E-02
   7.3609485209960014E-01  -3.5867575624154497E-01   5.7403490364003424E-01   4.0763144274236902E-02
  -4.9812657388406549E-01  -6.8542805412703255E-01  -5.3109161074729129E-01   4.4739550207383453E-02
  -6.4288474657509686E-01  -1.4490917197350350E-01  -7.5213066318228714E-01   4.4088910130364000E-02
   2.7553019759253953E-01   9.5460053056516116E-01   1.1322957767001071E-01   4.1056529969323882E-02
   5.3037038887091565E-01  -8.2811766432480897E-01  -1.8146179940179331E-01   4.8583218732735353E-02
   8.2292216189599205E-02  -7.3902869182482708E-01   6.6862888347295390E-01   3.6101628667091310E-02
   1.0087001503880772E-01  -4.6259322518278906E-01  -8.8081368522580092E-01   5.2567351722703259E-02
   7.9300098429440186E-01   5.0503775744457328E-01  -3.4071440014103631E-01   4.3629786328823696E-02
   3.4316027596620495E-01   1.6523301444301252E-01   9.2462915589812180E-01   4.7943885033547166E-02
  -1.2745588571507404E-01  -6.9593095396357931E-01   7.0670722687116231E-01   5.6199145933808853E-02
   6.8489829112561437E-01  -7.2461948711606671E-01  -7.6425975328166497E-02   4.0657523743899108E-02
   4.4814369624955112E-01  -5.3281321800669170E-01  -7.1782818433741066E-01   4.7944410796275240E-02
   5.4997989406815195E-01  -7.8264044433474406E-01   2.9154082220556794E-01   4.0614019409476762E-02
  -6.9976317371205318E-01  -1.4712548168727234E-01   6.9906050764917546E-01   4.9992291876879910E-02
   2.1155987587796247E-01  -2.3530530599513781E-02   9.7708174327852752E-01   3.8095509786828021E-02
  -9.7054771605989280E-01   1.2475281417087411E-01   2.0609188777672238E-01   5.8279400331048103E-02
   9.5342883134436480E-01  -9.1119500625611493E-02   2.8752512962706063E-01   4.8836605663633996E-02
  -5.5762962904927366E-01  -5.3586717681698301E-01   6.3395233702271784E-01   3.2956505525318098E-02
   9.0356195526914753E-01  -4.0298747545714723E-01  -1.4552280788546642E-01   4.0764506231814872E-02
   9.1233236699275437E-01  -2.3723233675178261E-01  -3.3372214570910148E-01   5.4704776313424723E-02
   2.1599397042461299E-01   9.1514675233810844E-01   3.4037189429390939E-01   4.3148841067568088E-02
   9.4011918398421183E-01   1.2145067823850197E-01   3.1847394345576809E-01   4.1199518805002970E-02
  -3.3392765578766949E-01  -6.1682522883069514E-01   7.1275448632619085E-01   3.3193198636178888E-02
   7.2845946419876375E-01   7.8733820347500422E-02   6.8054962681110726E-01   3.9258766671248586E-02
  -2.6068858156353003E-01  -7.8872580436908643E-01   5.5673428937396369E-01   3.3732835784764785E-02
  -4.5816043280174953E-01   6.2442210333871344E-01   6.3260260407065240E-01   3.6108577126595058E-02
   9.8562777758718382E-01  -1.4840912776300452E-01   8.0700773510375043E-02   4.1648202881476557E-02
   9.7205134385949492E-01  -1.9660555682160595E-01  -1.2830604010652171E-01   3.8864370278249031E-02
   3.1211892338067634E-01   8.9525999468912669E-01  -3.1794861153480802E-01   5.2953277873889783E-02
  -4.3172680914280512E-01   9.8521222840077573E-02   8.9660779101983472E-01   3.3355513456237044E-02
   9.7202715113851780E-01   2.2808711753577659E-01  -5.6031100861556648E-02   3.8136727338707551E-02
   6.6705556079283336E-01   6.9927927026049907E-01  -2.5699295904616228E-01   5.3672734584721704E-02
   3.8706231449952168E-01  -9.0105502240871810E-01   1.9565942677596117E-01   4.8865169755481048E-02
  -3.1793222021870510E-01   9.3400065053333651E-01   1.6297818304947806E-01   4.6951163748519491E-02
   5.6590782543474986E-01  -8.2103964161308695E-01   7.5114845480546410E-02   4.1198666690088412E-02
  -4.0819568846354554E-01   7.2964095372518134E-01  -5.4863499575471843E-01   3.3703245391180205E-02
   9.9479363185539586E-01   1.5152252659776445E-02  -1.0077717628156483E-01   5.2399105099271139E-02
  -8.3747428329562918E-01   1.3105024361519224E-01  -5.3053054432979740E-01   3.7838099472724122E-02
  -1.6140447485930831E-01   1.3095440835142881E-01  -9.7816130491280333E-01   5.6721640486822408E-02
  -3.8343818935056850E-01   3.7987034646171387E-01  -8.4182758022448709E-01   5.7070064803522804E-02
   7.1491508608836271E-02  -1.3027483635743999E-01  -9.8889707816783172E-01   5.7576576398475394E-02
  -2.9111009769969840E-01  -9.2827734999732580E-01  -2.3142184965818191E-01   4.4048009259209059E-02
   1.2712490535647340E-02   7.2003614726898890E-01   6.9382010579862276E-01   4.7582114744824606E-02
   3.3486210150891384E-01   6.3934916266511310E-01  -6.9217051452113489E-01   3.2959286917484198E-02
   5.5023293686207548E-01   5.1634656705874810E-01  -6.5622399977353831E-01   3.3194319602239770E-02
   9.4736714085890891E-01   2.8117758144094153E-01   1.5308385974961198E-01   4.8864061010513468E-02
   8.5274212825885342E-01   3.0468133683383147E-01  -4.2426424039472205E-01   3.6103222786052033E-02
  -2.9474099732489843E-03  -6.2561205274212827E-01  -7.8012875362867521E-01   4.0686631878807553E-02
  -6.1707613339552649E-01  -6.5645453272840459E-01   4.3391760975323236E-01   3.4088754215087093E-02
  -3.1337728938005953E-02  -9.4147775259550563E-01   3.3561523820101508E-01   3.8083194995223452E-02
  -7.5666686918164316E-01  -5.8542023331523926E-01   2.9109860787709166E-01   4.4643738416754565E-02
   2.9392494785908859E-02   2.7889648257483234E-01  -9.5987125868922991E-01   4.4121837873050315E-02
  -4.0314860263678085E-01  -8.2820890809845657E-01  -3.8928294175107840E-01   4.3150466716133815E-02
  -5.3969335580450454E-02   8.1379322508148916E-01  -5.7864315223501394E-01   3.5627402643616856E-02
  -8.8621133853782545E-01   4.6306559090970642E-01  -1.4132302092720143E-02   4.7654835871947600E-02
  -9.8028291416884787E-01   1.8391344351955343E-02  -1.9674136992904935E-01   4.0736666265299126E-02
   3.5410251544466269E-01  -8.4410917626151764E-01   4.0260539875523839E-01   3.8135318020986472E-02
  -5.5687743183202957E-01   2.1392447365525706E-01  -8.0257326487211404E-01   4.3817340880364952E-02
   8.6434267187030719E-01  -2.2467333119104631E-01   4.4992626044232713E-01   4.2224860593748729E-02
   4.2687251093941993E-01  -6.0557525841038994E-01   6.7160886370376626E-01   3.5145809358230639E-02
  -6.2042635517212127E-01  -4.8271112308145989E-01  -6.1811092003075991E-01   4.1708719296717013E-02
   5.9571635282710495E-01   3.2863210300517020E-01  -7.3288673603004390E-01   4.3232583982038281E-02
   1.2577734243417033E-01  -9.4046260811386357E-01  -3.1576912906404750E-01   4.6301371386078464E-02
   3.5248323108035792E-01  -4.4006005499305889E-01   8.2589510218105601E-01   3.7297318250253423E-02
  -9.8940139680880516E-02  -7.6472999754992478E-01  -6.3670941535932996E-01   4.2244026985684994E-02
   7.5039570311626828E-01   8.7916515719634276E-04  -6.6098828719824354E-01   4.2494468280738253E-02
   5.3269634511621166E-01  -3.2219488392336490E-01  -7.8257591368086405E-01   3.8097032996628783E-02
   6.5193029595225890E-01   6.0698443806385524E-01  -4.5448518256144057E-01   3.3734814108064186E-02
  -8.5441596736703893E-01  -3.9182440668275969E-01   3.4124329888797877E-01   3.5626123660396769E-02
   7.8849741872703464E-01  -3.2892784867249176E-01  -5.1969057238754077E-01   4.0261242179048810E-02
   4.8124286626687355E-01   6.8289741885669554E-01  -5.4959659659254338E-01   5.7781835503418390E-02
   8.3533951697376433E-01  -4.3201293404133185E-01  -3.3995987440143293E-01   3.5322603269662322E-02
  -1.6622492637808614E-01  -9.8470336791965564E-01  -5.2235534440524000E-02   4.2983404548241752E-02
  -1.9734656979928510E-01   5.3203859551511225E-01  -8.2340103489779679E-01   4.4113498902004986E-02
   8.0031177761787173E-01   5.8426946475333183E-01  -1.3464862109571453E-01   3.8084753665634725E-02
   1.4158924326472288E-01   1.9212737300313944E-01   9.7110223907405117E-01   4.3609942551136340E-02
  -1.3329417704059141E-01  -8.5358774471536253E-02  -9.8739381301879181E-01   3.2484442549620164E-02
  -7.7768601471895761E-01   6.1923309552850271E-01   1.0841972105080164E-01   3.7836596244478033E-02
   7.0153258720817053E-01   6.5287741433860908E-01   2.8566258230916883E-01   4.1552741571412870E-02
  -6.1967308931933882E-02  -8.4462154658056736E-01   5.3176545175066092E-01   4.3630319117810500E-02
   9.4951355946294615E-01  -3.3791654263533477E-02  -3.1190082477951226E-01   3.5147261337746287E-02
  -2.3144832921595166E-01  -6.1842791121947122E-01  -7.5098507943092069E-01   4.7580907203690578E-02
  -5.2549492088877798E-01   9.1314168917474720E-03  -8.5074773308287241E-01   4.8764817653826781E-02
   7.2473391151348129E-01   3.8901511027556985E-01   5.6870730739076646E-01   3.9810433257411474E-02
  -4.3576467368058828E-01  -5.6550597470348353E-01  -7.0022292289435483E-01   4.2963533076251030E-02
   9.9155245860717435E-01   6.6558152438821069E-02   1.1132714931227727E-01   4.0613622361679553E-02
   4.4339881076360940E-01   4.5769436667090115E-02  -8.9515510012544439E-01   4.2953290488073569E-02
   5.4230222877772469E-01  -6.3318829036147326E-01  -5.5225074161274516E-01   3.9041278304444961E-02
   6.3991402234826022E-01  -2.5328022647103969E-01   7.2550614806550681E-01   3.5324181756666392E-02
  -9.4329271653262853E-01  -2.9017687881477938E-01   1.6123346407556620E-01   4.4447486110902474E-02
  -2.7958843986330790E-02   6.5886308103765864E-01  -7.5174313664210581E-01   3.4787480870268514E-02
   4.0898379324497984E-01  -9.1211941432669227E-01  -2.7756636526772004E-02   4.1941369179494545E-02
   6.2202811459930753E-01   5.9308777425060776E-01   5.1120242241453723E-01   4.6302328204226705E-02
  -6.4805231322986767E-02  -3.7854438776874110E-01   9.2331166378529143E-01   5.1278776404419144E-02
  -4.1206226395401914E-01  -8.9044193908524231E-01   1.9317826933483463E-01   4.2423108391639479E-02
   8.6087842369862457E-04   4.7178446104332234E-01  -8.8171349156423914E-01   4.9990885561820821E-02
   8.7253579393329516E-01   9.4329814885439979E-02  -4.7935704264031926E-01   5.5204242696975320E-02
  -6.0313754737832603E-01  -7.6007405688150821E-01   2.4189362744426197E-01   5.2955146042816449E-02
   2.0840964013469940E-01  -2.7846169880343056E-01  -9.3756306678454031E-01   3.3737383312850415E-02
  -7.8667784287721564E-01  -4.2088142744231769E-01  -4.5166004423699899E-01   4.6948364450652046E-02
  -2.2974647141290724E-01   6.9358808411649350E-01   6.8275334378158136E-01   4.1017596812698622E-02
  -7.3039358500705731E-01  -2.8925475285129378E-01  -6.1875431225444854E-01   4.0612808992622788E-02
   7.1452790744458436E-01  -6.8369022626424733E-01   1.4838309874647359E-01   4.8837378041293142E-02
  -5.9175567474413011E-01  -7.4155415837137095E-01  -3.1610544381621616E-01   4.4154333558880685E-02
  -6.6752873849033624E-01  -5.9439474835262462E-01  -4.4844204354667756E-01   4.1279292601166304E-02
  -4.8628172874212243E-01   8.6257694014687107E-01  -1.3961053906648421E-01   4.2108668834767479E-02
  -6.2855740113215752E-01   7.4648481746834907E-01   2.1834837020512294E-01   4.9386458563200452E-02
  -8.3383136964690720E-01  -5.4747512521002095E-01  -7.0684045364105108E-02   4.6371082134210990E-02
   7.2011934849261916E-01   4.2062393304042871E-01  -5.5181847638527550E-01   5.6197405779505773E-02
   2.2849465912637221E-01  -5.9658028449053555E-01  -7.6933877772273673E-01   3.9109489415891548E-02
   1.4090288224916822E-02  -8.7354690071922895E-01  -4.8653599663495450E-01   4.1486436529711987E-02
  -5.7611266206009350E-01  -2.4930138871341900E-02   8.1699001755828586E-01   4.4122924987358977E-02
  -4.4949103731951307E-01  -6.9764623126933278E-01   5.5789563841736988E-01   5.7785030142121076E-02
   2.4880888731686194E-01   1.7509330862521230E-01  -9.5259459943189952E-01   5.6659124860609439E-02
   3.2396153722705580E-02   4.0068843190859997E-01   9.1564145262138616E-01   5.2568918174318213E-02
  -2.0742083951619418E-01  -9.6411992474269965E-01   1.6567850207111480E-01   3.9501235542623689E-02
  -1.5027774895509118E-01  -1.8193190187413252E-01   9.7175994013411131E-01   4.2952134313454886E-02
  -2.3864331980490072E-01  -8.9828752784964276E-01   3.6895647876446480E-01   5.3674827312252002E-02
  -9.5203054618059539E-01  -1.9444400589864050E-01  -2.3628238975676270E-01   4.2105660213602105E-02
  -8.4453313685357933E-02  -9.5687971702457286E-01  -2.7793676430896283E-01   4.2947001225661596E-02
   9.4688565069039913E-01   1.7327351149927185E-01  -2.7089454540343052E-01   4.3104761171651375E-02
  -2.5033725525968906E-01   8.4464886561421046E-01  -4.7318025365147367E-01   4.4448148113693717E-02
  -6.8117327691554949E-01  -7.2285070106199098E-01  -1.1614573083122845E-01   4.9410256011392528E-02
   6.8720205945362540E-02  -2.0935905783201964E-01   9.7542109788466024E-01   3.5790329362277919E-02
   4.5292879340065486E-01  -7.8076213998077195E-01  -4.3042535808345734E-01   4.7496154378451125E-02
  -1.1436158159359359E-01   9.9283667239803889E-01   3.4594372331365632E-02   3.7111378479002095E-02
   8.0164934143197807E-01  -4.4611850319874353E-01   3.9791533582583680E-01   5.0539296992398803E-02
   1.8038179733293116E-01  -9.4075640596368188E-01   2.8712330422527108E-01   4.3444729028400193E-02
   2.9228421028239765E-01  -7.4890005359313702E-01   5.9474250743308365E-01   4.3105704551624137E-02
   1.2006699690948914E-02  -5.7272598806733281E-01   8.1965894233810985E-01   3.5668508656739246E-02
   3.5409549564065057E-01  -8.9015912904960305E-01  -2.8676315128805175E-01   3.9808992350437160E-02
  -4.3606858362925757E-01  -4.3857439313634287E-01   7.8580957747832380E-01   5.7233000467089176E-02
  -5.4747998080320279E-01   5.8041031632308026E-01  -6.0281799519047751E-01   5.8274225961699137E-02
   6.3598612600729422E-01  -4.3786306400325321E-01  -6.3545069415959973E-01   4.3064625192329870E-02
   6.4934917808350878E-01   7.5883288655069058E-01  -5.0182618618584955E-02   3.9502567215028104E-02
   8.7665299679586947E-01   3.1490752744568801E-01   3.6374822661679706E-01   4.1941812772231097E-02
  -9.4844420215097269E-01   3.0140005324148786E-01   9.8038784734580239E-02   3.2853712911686754E-02
  -5.4433717482091665E-01   4.4065082532396813E-01   7.1380942151899944E-01   4.5401429556421568E-02
   5.4897636729091168E-01   4.7806595492459296E-01   6.8562226546263138E-01   4.1652936527705639E-02
  -4.9715759820071712E-01   8.6394517867690581E-01   8.0206301449596359E-02   3.8903296946926664E-02
   9.1706896729580140E-01  -3.0447423744236634E-01   2.5744892300590822E-01   3.8742519875642035E-02
   2.0138184513849015E-03   9.1588464430784579E-01   4.0143649915813046E-01   4.4741250185031553E-02
  -9.1591746907254396E-01  -2.3791238282771951E-02  -4.0066091252918321E-01   4.7152217495788137E-02
  -9.0069529522851752E-01   2.7444544830866268E-01   3.3679026270940619E-01   3.4197848939306672E-02
   5.2979735979948925E-02   7.7416309115414208E-02  -9.9559020819734946E-01   3.3358409557566250E-02
   4.3186877383767621E-01   2.5915407616989978E-01  -8.6390307731160902E-01   3.5473692783839556E-02
   8.3637873161292279E-01  -5.1004827640139938E-01   2.0080182530425347E-01   3.8743348803736221E-02
  -2.4826131752333484E-01   8.8623826608690841E-01   3.9108573733242693E-01   4.1709374999469437E-02
  -9.6136431241239961E-01   2.5022614504378513E-01  -1.1474116591860408E-01   5.2798641344538657E-02
   1.4867827726738318E-01  -4.1852145371534854E-01   8.9595455389701239E-01   4.2493047556169987E-02
  -9.8897664213038911E-01  -1.4582103247808571E-01  -2.5718238810723232E-02   5.3062261382131392E-02
  -1.8503290434545839E-01   4.0995121132395855E-01   8.9314210999342300E-01   3.6961476767154959E-02
   2.2309488152663754E-01  -6.0327818842901539E-01   7.6569191010642185E-01   5.5205141908596866E-02
   4.9314234748341139E-01   8.5277836509584776E-01  -1.7198745635366361E-01   4.2422881000310397E-02
  -4.4971556805871166E-01  -2.0269100890596805E-01  -8.6986910667887897E-01   3.6110209020278829E-02
   6.8974202807080224E-01  -6.2984410884766397E-01   3.5714469513443520E-01   4.1646835308574781E-02
   2.2043658917788628E-01   3.7886913434460209E-01  -8.9881360091655917E-01   3.4322291901870380E-02
  -5.8289422282109786E-01   2.1479151724730534E-01   7.8364464467026699E-01   5.6724849464038706E-02
  -5.5973888278811259E-01   7.0355802367564201E-01   4.3783386166072215E-01   4.4089231394734609E-02
   8.5452524793597781E-01   4.8011158617866680E-01   1.9819047771515220E-01   3.9852739636906093E-02
   2.9823004955438898E-01   9.4833894466142076E-01  -1.0822238022354466E-01   4.0785720189911423E-02
   4.1511718039164531E-01   8.7067270817528559E-01   2.6383093408924600E-01   4.4049086520457212E-02
   8.9809131489960130E-01   4.3977743942563511E-01  -5.2719895805074852E-03   4.3444216622145068E-02
  -2.4982262431943151E-01  -2.6233363045938613E-01  -9.3207817413999691E-01   5.3298010129983337E-02
   1.2320909691995145E-01  -7.5242679036611450E-01  -6.4704979991923137E-01   4.8224611888888153E-02
   3.3985724110055053E-01   8.0716695857975526E-01   4.8267852308615282E-01   4.6185203891808583E-02
   4.5050739327972921E-01   3.3939417841108121E-01   8.2574492445365379E-01   4.3060690185231944E-02
   5.0264311448391580E-01  -7.1075086853713322E-01   4.9212102407397706E-01   5.2399669303867550E-02
  -6.4260615605460733E-01  -3.5195398724814275E-01   6.8057748938739939E-01   4.4275237836325329E-02
  -8.8247666507284101E-01   4.0993304617166339E-01  -2.3062921163273695E-01   3.5664006952454205E-02
   7.7930982696922086E-02   9.8023860718331938E-01   1.8182143691874765E-01   4.4155794052521564E-02
  -5.6363907515561031E-01   4.0577575938490237E-01  -7.1948386087064806E-01   3.4201353115613639E-02
   2.3926633273054580E-01  -8.4422468219314108E-01  -4.7962100454167533E-01   4.1654166784835462E-02
  -7.6373667981817074E-01   5.5112760885663512E-01  -3.3610213128792381E-01   5.2795867576077393E-02
  -9.9729676369445137E-01   7.3331169956348309E-02   4.6588236076353704E-03   3.6297374773827177E-02
   6.4220888726807618E-01   2.7204263471528893E-01   7.1663139061240075E-01   4.7495361264961264E-02
   6.0405759636579894E-01  -6.0470211680634333E-02   7.9464317386615288E-01   4.8471931954995248E-02
  -2.8740415091413048E-01   9.1980623606038989E-01  -2.6712420733012227E-01   3.6813229546250649E-02
  -7.0694618547317746E-01   4.6757155501948162E-01  -5.3066367105878633E-01   3.2855497729540954E-02
  -6.3992711331565637E-01   7.3423784950154509E-01  -2.2668936896739895E-01   4.0735062376294139E-02
  -2.1583932255259425E-01   1.9899640482327729E-02   9.7622609632641523E-01   3.4065863844805170E-02
  -3.0944721070764780E-01   9.4937359773772538E-01  -5.4149752573621183E-02   4.8539386703041431E-02
  -1.1882747178117798E-01   8.2312763098903865E-01   5.5528455322696146E-01   4.2962279631400086E-02
   7.0399012557229792E-01  -5.4715165815334767E-01  -4.5279461798561886E-01   4.8472750194251030E-02
   3.5038744245028312E-02  -9.9503399473526972E-01  -9.3164562591699127E-02   4.1551503202044415E-02
  -8.5935688169153294E-01   4.5890072093061409E-01   2.2564547019332579E-01   5.3467946577472789E-02
   5.3567703238952404E-01   1.3243942855341623E-01   8.3397237048645536E-01   3.9041053798340650E-02
   4.9953301497178852E-01   7.8429719514214299E-01  -3.6789220791607188E-01   3.5739354071861524E-02
   1.2844629345679239E-01   8.2970799616908745E-01   5.4321836381908994E-01   4.1377259619503909E-02
  -8.6960773351900790E-01  -2.2904802580795808E-01  -4.3740072208149252E-01   3.8904717418629131E-02
  -9.3446090031476227E-01  -3.5221842404883707E-01  -5.2201604797912883E-02   3.6811893626522214E-02
   3.9405661420596199E-01   4.5809068042866893E-01  -7.9678875073944963E-01   5.7230420300853346E-02
   4.1272163179675356E-01  -4.9288293906694358E-02   9.0952268730955374E-01   4.3065917580995618E-02
  -9.2795182089587076E-01   1.8841669288006247E-01  -3.2156580654693085E-01   4.2435823107973114E-02
   9.3168718428723789E-01  -3.5906162560820971E-01   5.5079394064461384E-02   5.0539013958632157E-02
   8.5108897151020919E-01  -1.1902996398657508E-01  -5.1135059425706055E-01   3.7296373803977123E-02
   6.1358359151206300E-01   1.2362307562484518E-01  -7.7989262812275104E-01   5.1277264414659819E-02
