   0.0000000000000000E+00   0.0000000000000000E+00   1.0000000000000000E+00   5.5981641021577335E-03
   9.4636178581820367E-01   0.0000000000000000E+00  -3.2310891405682458E-01   5.9629998342177366E-02
  -8.3882243468640140E-01  -3.6432717876713152E-01  -4.0452766268620017E-01   4.2024811387151332E-03
  -3.7728974778139350E-01   9.2570103348232883E-01   2.7019304743106089E-02   1.6543031822732016E-02
  -6.1616792817261556E-01   2.3077893453733002E-01  -7.5304592666402578E-01   7.2816586751597256E-02
   1.0298555047016972E-01   2.5610173891086702E-01  -9.6114820694895239E-01  -1.7631187714799811E-02
  -7.7910613252354217E-01  -7.3829799373308677E-02  -6.2252935271254923E-01   1.4783238483303016E-02
   7.9125757674114769E-01  -4.8938419086303133E-01   3.6662591422738106E-01  -5.6584402183684447E-03
   9.7365316211019496E-01  -2.1838808931314277E-01  -6.5621355967193730E-02   6.3335018023999118E-02
  -9.2591577879390865E-01   2.8676075647784688E-01  -2.4586223606874351E-01   3.2885481452229012E-02
   3.1854620730455613E-01  -1.8356573654817278E-01   9.2996340475171894E-01   3.0648085278773815E-02
   6.6838674788802929E-01   6.3318351493713587E-01   3.9030474204077766E-01   2.2189845595935375E-02
  -1.3018858869787688E-01   7.5761184765952247E-01   6.3958988395594529E-01   5.0590299276861729E-02
   5.5131075655620218E-02   5.8517739327365037E-01  -8.0902903711703064E-01  -4.8454074695649582E-03
   4.8323388075351241E-01  -3.3602537978195097E-02  -8.7484620701773874E-01   6.9607803487986741E-02
  -3.9921193033358367E-01  -8.5092014168785361E-01  -3.4141579803702288E-01  -1.7631544901508879E-02
   7.3696592352013876E-01  -2.3690067540052686E-01   6.3305552486719776E-01   1.3688925453080493E-02
   8.2195200688269078E-01  -3.2528182761255153E-01   4.6753249192602162E-01   6.6740105505071989E-02
  -4.5242391563215731E-01  -3.9122452643536078E-01   8.0140874120482017E-01   2.8995799513454523E-02
  -3.6830646271203129E-01  -3.0628928917749314E-02   9.2919977305093155E-01   2.2188957462539065E-02
   9.6969229506889647E-01  -8.4866226128441031E-02   2.2911694949682965E-01   7.9539522710196859E-02
   9.4728725711688426E-01  -1.9361324841288055E-01  -2.5526606226245966E-01   2.3535367239866800E-02
  -1.7503866076388860E-01   3.7452250247963956E-01  -9.1054618903950874E-01  -2.0316918158626382E-02
  -8.5550837116427445E-01   2.8096380488082113E-01  -4.3493076140317077E-01   3.6162481242987509E-02
  -9.0023115057217832E-01  -4.1012914074140249E-01   1.4621204962044305E-01   4.9156642502367313E-02
  -5.3953138204842758E-01  -3.0914459064000010E-01  -7.8315739788559781E-01   3.0412810002272716E-02
  -1.3501234189937199E-02   9.8656535591549037E-01   1.6280821595573804E-01   1.3050921503798897E-02
  -6.6434435669003768E-01  -6.7872589480871061E-01  -3.1301395408226611E-01   9.4406235944643999E-04
   9.7458967902082136E-01   9.9785700342809793E-02   2.0054368988623765E-01  -1.3051166838468224E-02
  -5.4751641103425132E-01   8.3061726963889110E-01  -1.0149251709267272E-01   7.9362195270528435E-03
   1.6165007598990883E-01  -4.4963740335411621E-01  -8.7846198462848938E-01   3.0411486408151380E-02
  -1.7445931659678095E-01  -8.0644539751589725E-01   5.6498651990822814E-01   3.3543237167724027E-02
   3.6091125794615157E-01   7.2470064752279270E-01   5.8698554953914445E-01   5.5971141293281512E-03
   1.9831015559860949E-01   9.0612934313612836E-02  -9.7594179043707942E-01   8.4492522566160985E-02
  -3.9833076242575122E-01   4.8908104192074706E-01   7.7597186684765588E-01   4.9061544532390604E-02
  -6.1886437472230406E-01   1.2203334123195090E-01   7.7596053335677961E-01   9.9509894579828799E-03
   4.2580621162004632E-01   5.8142492833367773E-01  -6.9327781073532266E-01   4.6071938818821100E-02
  -9.5341415053169882E-01   2.5902782763443972E-01   1.5461578857575286E-01   6.3333976454479774E-02
  -1.5762849016856668E-01   3.2948082459064629E-01   9.3091119088463312E-01   4.2770392808949386E-02
   9.2509217118936248E-02  -6.0590091482488492E-01  -7.9014310486291599E-01   8.0318337244050397E-03
   1.1331138271004761E-01  -1.1248132428049766E-01  -9.8717196183666136E-01   2.8414394816488952E-02
  -5.4925223190101828E-01  -8.0360940128296682E-01  -2.2920278340670701E-01   5.1444288692531312E-02
   1.4574132952864120E-01  -8.3719618352490758E-01   5.2712618523324490E-01   4.2763088720357309E-02
   4.6378615470919388E-01  -8.4993418353973542E-01   2.5002857106879372E-01   3.4350133178291324E-02
  -7.5628830676846323E-01  -3.9169331567836135E-01   5.2402704462478135E-01   5.0778921729604791E-03
  -2.0372211554331594E-01  -9.0489256709564251E-01   3.7372013814298812E-01   4.5275824211560662E-02
   1.9013910792935318E-01   8.0192450315695626E-01   5.6636049550820422E-01   5.9123328391874947E-02
   8.1878500848375974E-01   5.1718708394440326E-01  -2.4921603095173185E-01   5.0781398087872968E-03
  -8.7391861987014269E-01   4.1862419251563229E-01   2.4702232952690685E-01   1.1592856211869868E-02
   1.8750525729025998E-01   4.4237029261614280E-01  -8.7701214512640675E-01   5.5012090733807283E-02
   6.1151458425333693E-01  -7.8981961648646583E-01  -4.7274587873831448E-02   4.0934205661255180E-02
  -6.8411387853482414E-02  -8.4581394521908634E-01  -5.2907339007446294E-01  -6.2017883417554333E-03
  -7.7588121552785649E-02  -1.5046876816568510E-01  -9.8556543831478364E-01   7.5779770605234215E-02
  -4.8704570485902465E-01   7.3873681387939491E-01   4.6589097565599626E-01   1.3688800523338273E-02
  -4.7297692848596648E-01  -6.8762002305115821E-01   5.5088250019319504E-01   3.8522021185429590E-02
  -5.6370556904808157E-01   2.6237818645463018E-02  -8.2555896718339045E-01   1.8635337110864860E-02
  -7.6175164823859073E-01   8.8661742249304307E-02   6.4177373105098975E-01   5.4296502423696848E-02
  -9.2799576445473803E-01  -8.1315168112012266E-02   3.6360927461903607E-01   1.5050547641405136E-02
   3.8498679879055073E-01   1.1777920912835850E-01  -9.1537600069812974E-01   9.4443031437287956E-04
  -7.0855559003545494E-01   5.9496285913065225E-01  -3.7943137994186511E-01   4.0933009731531520E-02
  -4.7556053431663585E-01   8.2629252083421960E-01  -3.0179935091697367E-01   3.4349184089987954E-02
  -7.0424410582381344E-01   4.3278022270955824E-01   5.6279793731310236E-01   3.8836710601333841E-02
   6.4004819257673464E-01   7.6797190085863356E-01   2.3610816818409143E-02   2.8995098300515845E-02
   9.6965657917207472E-01   1.6497002267844331E-01  -1.8041898482638627E-01   1.5050662778963577E-02
  -4.7063363707046210E-01   5.5357130116824526E-01  -6.8706826020470810E-01   6.8463135437672724E-02
   7.2406294614685133E-01  -6.7007136216121274E-01  -1.6351519693459328E-01   2.4809211643729032E-02
  -4.2316682971145178E-01  -4.7800949830995689E-01  -7.6969913197133248E-01   2.8249430675981512E-03
   8.4218139221823609E-01   3.6546890290199045E-01  -3.9643786854054340E-01   1.5713084750762329E-02
  -5.8328153444972716E-01  -2.2551385847745510E-01   7.8033720352459301E-01   1.6566842926848382E-02
  -2.6358015227390025E-01  -9.3661640468360580E-01  -2.3081424090558928E-01   5.3861522928385898E-02
  -2.7590462215365101E-01   1.5773870556176394E-01   9.4815354254569452E-01   2.1063156595083389E-02
  -7.7709238999888050E-01   5.9970024213713788E-01  -1.9101580297579070E-01   2.6474439807453657E-02
  -1.0622854219434461E-01  -9.3930090155612280E-01  -3.2623505813924937E-01  -2.0316507314399254E-02
  -8.5775557106779771E-01  -2.3822519016171455E-01   4.5552622215913221E-01   7.3578013738277130E-02
   5.8398736334840695E-01   2.4689591772763734E-01   7.7330535059496616E-01   3.0882399767227388E-02
  -9.9357377305949583E-01   1.0067050565240294E-01   5.1735933160686276E-02   2.3535656998604421E-02
   2.3374794381208987E-01  -5.4431382132763852E-01   8.0565772054596713E-01   1.3051456254481068E-02
   3.6486465829341612E-01   8.2574473392925860E-01   4.3013883283949949E-01   4.5315530796045750E-02
  -9.6244294286791660E-01  -2.3165131786098851E-01  -1.4156711714593706E-01   4.0341298862947896E-02
  -6.1519725228752255E-01  -3.8699172927996476E-01   6.8685496449162020E-01   4.5409488455056870E-02
  -9.9672678880214409E-01  -6.4221465446981156E-02  -4.9105110324772720E-02   2.6385200295876600E-02
   7.5895139745880912E-01   4.6413903728706342E-01   4.5669216148469029E-01   5.4898743285288400E-02
   3.7334957132632990E-01   4.3902993288713556E-01  -8.1722874130781946E-01   4.4319456108205939E-03
   2.3113770065195939E-01   9.2025725035449887E-01  -3.1575616622213837E-01   3.3541512773159443E-02
  -7.2433122450307187E-01  -4.2572903956015366E-01  -5.4230900977677807E-01   3.6737176642730120E-02
  -4.1573062946859549E-01  -9.0064240619556201E-01  -1.2653576523621221E-01   5.5011573107972404E-02
   8.9071098546718694E-01  -3.7695171319146956E-01   2.5404988937232175E-01   7.2959328526989430E-02
   9.8957581434308021E-01  -2.6088371129250895E-02  -1.4163016825186646E-01   2.1932145753289851E-02
   9.9052590901204453E-01   1.3708292502537735E-01   8.1667155178507737E-03   8.0072731270578252E-02
   2.9349390445696176E-01  -9.5579248213322767E-01   1.7946006358285016E-02   3.2002163335185422E-02
  -6.2280702906302343E-02  -9.9610099184691556E-01   6.2481421935549787E-02   3.0964112420422531E-02
  -8.2201385919954930E-01  -2.2277741705283360E-01  -5.2408342631219637E-01   6.5590671923562329E-02
   8.6823389193022233E-01   3.7869562005971904E-01   3.2056128314455567E-01   9.9516692070619576E-03
   4.5534561317072892E-01   5.8647428751574040E-01   6.6985691207083739E-01   4.1526593134671996E-02
  -3.4345579793228058E-01   8.5256061812013115E-01   3.9392703296082727E-01   5.6503244288323717E-02
  -2.6631919141849746E-01   9.1595767817477344E-01  -3.0015932448430788E-01   2.6717827886838585E-02
  -5.3692864082893034E-01   8.3884813208526427E-01   8.9674109723267498E-02   6.6643405050186359E-02
   6.3691489158655194E-02   2.9448661788556513E-01   9.5353082073684127E-01   2.7424420369104618E-02
  -4.0313395509662202E-01  -9.1228556249484338E-01   7.2236186995314461E-02   4.7703166228533255E-02
  -3.5018650028074720E-01   8.2262431964608868E-01  -4.4794937632274010E-01   2.5134274615329093E-02
   8.4061787252027997E-01  -5.2321109159028349E-01   1.4004194384677168E-01   1.9426494017009392E-02
  -3.7855137504450491E-01   8.3791723187499211E-03  -9.2554235231196599E-01   8.4219369862831605E-02
  -4.7209900355663361E-01  -5.4852164956619207E-01   6.9010617356897867E-01   2.8310289005871478E-02
  -7.5074780166484114E-01   2.6202952279151907E-01  -6.0639777991105567E-01   2.9588360591311836E-03
   5.8132610234099777E-01  -7.7590395480822706E-01  -2.4501635792325506E-01   5.0937506557899157E-02
  -3.8642849417259107E-01   9.0874079336037496E-01  -1.5768065630970782E-01   5.9055344651065508E-02
  -2.2532247382965020E-01  -9.5987056088955178E-01   1.6696792843197158E-01   6.3273454144212548E-02
  -6.3020430616378044E-01  -5.9207452184675837E-01  -5.0228507152070589E-01   9.5778418542685948E-03
  -2.6754970731472402E-01   1.7120896740245750E-01  -9.4821128636859715E-01  -6.2016045753022464E-03
   5.9255482568861994E-01   5.4096609126862187E-01  -5.9685380676567572E-01   2.3215488031846711E-02
   8.3921688772599161E-01   8.7787315762537154E-02   5.3666414315352648E-01   1.4512064823228691E-02
  -7.6484933475694134E-01  -5.3187798111107404E-01  -3.6347119326168368E-01   6.9609449955940707E-02
  -5.5001489991893981E-01   7.1455249162690570E-01  -4.3231741414953379E-01   4.8036446347715822E-02
  -8.0577372661796449E-01   2.3919414419605709E-01   5.4177011995357737E-01  -1.3050497456653331E-02
  -3.8769460608283651E-02  -4.7679866224037308E-01  -8.7815714118256380E-01   7.6412599976288353E-02
   7.5176721395976748E-01   9.3800726273203274E-02  -6.5272312642175371E-01   3.8289262717670883E-02
   2.2381143563412413E-01  -7.0874279652711962E-01  -6.6902323550853619E-01   1.8634546199333364E-02
   4.6567669283887660E-01  -2.6567201336368899E-01   8.4413482279901845E-01   1.9771640405430577E-02
  -7.3607748904458736E-01  -2.3626829292131841E-01   6.3432422615083954E-01   4.8302705097447029E-02
   3.1545021207296302E-01   2.5494805927612977E-02   9.4859958811599529E-01   1.3716455631291553E-02
  -1.9016360687136424E-01  -7.4967529988034780E-01  -6.3389648001151073E-01   2.5275117097726571E-02
  -3.5655601770483729E-01   9.1016171555755143E-01   2.1088731059929259E-01   2.7774053146223942E-02
   4.2788600358189299E-03   4.1594450790627242E-01  -9.0937993033682182E-01   5.3860768407011532E-02
   7.9207322067584549E-01  -3.0734227924396266E-01  -5.2740945808481622E-01   3.4783532569723378E-02
   2.4576176601287293E-01   5.9628684664186479E-01  -7.6422715921912578E-01   4.7702627948597271E-02
  -4.5533860235440029E-01   1.4550949117118580E-01   8.7834716666307048E-01   5.4899213521243179E-02
   3.3420901966222285E-01   5.0449118430002801E-01   7.9611115815567554E-01   2.7423744883352156E-02
   5.8395128270006422E-01   1.1468568270131469E-01  -8.0364674678386087E-01   2.8517245238891710E-02
  -1.9513695301495834E-01   9.7601032562608409E-01   9.6568182334054242E-02   5.8805833499309869E-02
  -7.4892342859657157E-01  -5.3627823489573618E-01   3.8925486878942079E-01   6.3174607643898097E-02
  -6.9498316652671743E-01  -2.7920469777839116E-01  -6.6260330136739753E-01   9.3437864907091068E-03
  -6.3936107515033295E-01   6.9192180835408212E-01   3.3535298821782855E-01   6.6739186377360635E-02
  -6.4021764869815855E-01   7.2728894106048089E-01  -2.4733005985226612E-01   3.2391670393625879E-02
   5.9201364768933828E-01   7.8931026334164400E-01  -1.6281630487487655E-01   2.8311863343582253E-02
   1.1758201737967073E-01  -9.3292963078349604E-01   3.4031863480435013E-01   3.8857224941323709E-02
  -2.7001642548745041E-01   6.3867094545370273E-01   7.2054878627352749E-01   1.6940274205822674E-02
   9.0988876932520774E-01  -3.7794151829886182E-01  -1.7106325204967262E-01   1.9334113398343831E-02
  -2.4069362370019149E-01  -8.6266789766528937E-01  -4.4482657052813365E-01   9.9621676924882578E-02
  -8.9387022203218151E-01  -5.2178531983315563E-02  -4.4527904393111112E-01   1.8674704940446588E-02
  -3.2117606048858968E-01   4.9910061899631505E-01  -8.0482576393063176E-01   2.1617638695599414E-02
   8.4495412345905904E-01  -1.2248689915776007E-01   5.2062413388571382E-01   4.5894368157709557E-02
   7.4881545463634759E-01   6.5529612377911927E-01  -9.9309642320477511E-02   4.5408868132583135E-02
   5.0863903634946217E-01  -6.6195389062435374E-01   5.5054825164445997E-01   1.6541983508200901E-02
  -9.8158659312951872E-01   1.1807289357881509E-01  -1.5015509312144736E-01   5.1077113570513015E-02
  -7.1002988467426089E-01   7.8400586202216651E-02  -6.9979347735785921E-01   2.6208302781667232E-02
   5.6393170850754037E-01  -1.8765020829445255E-01  -8.0421914144517536E-01   4.2054383223085389E-03
   4.5186416143308525E-01  -8.8354547570427257E-01  -1.2315101288615206E-01   6.3211510344749104E-03
  -5.1932545859234258E-01  -7.3520826846209033E-01  -4.3562583720760619E-01   8.4493738775699789E-02
   7.4528333729528242E-01  -4.8701796026192925E-01  -4.5537484947273512E-01   2.7076306497810578E-02
   6.1890613295680418E-01  -1.4915199939632830E-01   7.7117370265364488E-01   3.5660763091060609E-02
   7.3955477652786836E-01   5.1746828154823560E-01  -4.3044780183702933E-01   6.3174103242028145E-02
  -9.0865538167053720E-01   2.3238562604134278E-01   3.4690390336596594E-01   1.5500456910199311E-02
  -6.9682763431933203E-01  -7.0692416660791659E-01  -1.2120012671043682E-01   5.0680647156120688E-02
   9.4657024452898976E-01   3.2132059149048042E-01  -2.7529069300221031E-02  -6.3547308763923124E-03
  -6.8970503301934451E-01  -6.8417562212834734E-02   7.2085088930280001E-01   4.6635313552543706E-02
   3.5096450265781098E-01   8.2877211279804523E-01  -4.3584481518359226E-01   3.5259066769904348E-02
   7.4473049154044126E-01  -3.4194325226771411E-02   6.6648874190958293E-01   4.7163905580328009E-02
  -2.3709858084439425E-01  -2.0336624019812958E-01   9.4996128095267700E-01   1.6315404695363424E-02
   5.8543079302738911E-02  -9.1190915960410361E-01  -4.0619501781273799E-01   9.6910739032693573E-02
   1.1723190634472739E-02   5.0556060036987107E-02  -9.9865241780856077E-01   1.0638880649939486E-03
  -3.4286964487804487E-01  -8.1251566834039152E-01   4.7144320476868726E-01   3.5256865017946816E-02
   6.6347393103058340E-01  -5.8474754714583800E-01   4.6676830328306415E-01   6.6644849363864597E-02
  -4.1728639446095270E-01  -2.1685828921598351E-01   8.8252169797467026E-01   5.4005378846884664E-02
  -8.1513971840288625E-02   9.6616611329707087E-01  -2.4470086618410666E-01   4.2761668539851633E-02
   2.8900680368316788E-01   2.8104047834522738E-01  -9.1514551682031672E-01   5.1444484051666448E-02
  -2.1342807462554560E-01   9.7182210536036972E-01  -1.0005124934038032E-01   2.0115730618555467E-02
  -8.1780431383491727E-02   2.1514594958660473E-01  -9.7315167441627927E-01   9.9621431926313874E-02
  -5.6218071056280072E-01   4.6849698772085766E-01   6.8151553259451604E-01   1.4511846266868060E-02
   4.5660215793288596E-01   1.3953333458910430E-01   8.7866086626722879E-01   4.7764559664666323E-02
   4.5797058198311040E-01   7.0440706981346163E-01  -5.4228555764916350E-01   5.2110837872560624E-02
   1.1798206944396529E-01  -9.8158552234759817E-01   1.5023346367341893E-01   5.5665061936609951E-02
   2.8164240899579597E-01   9.5277801885157025E-01  -1.1354118304968199E-01   4.0941371227441045E-02
   3.1996624644863249E-01  -7.5789373015708783E-01   5.6852325803096963E-01   2.0115820184030597E-02
  -2.7599110357157892E-01  -3.8034867257826569E-01   8.8270255353504740E-01   3.5959733268028903E-02
  -5.4524373790478719E-01  -8.2125171482131751E-01   1.6809190099068160E-01   4.6071313862650953E-02
   3.1930939632215604E-03   9.3602382334800680E-01   3.5192215939881021E-01   6.0295566490149399E-02
   4.1635382973855632E-01  -8.5408162980588961E-01  -3.1175961587439853E-01   4.8230332896288476E-02
   7.8915066758391176E-01   5.5201394185259387E-01   2.6929877803701107E-01   3.8013368385655708E-02
  -1.4034158373852076E-02   8.2571261692440565E-01  -5.6391640927586728E-01   1.3043282127822994E-02
  -3.5992763295921581E-01  -3.2378221896733667E-01  -8.7499552782455047E-01   7.6412933426706128E-02
   7.3465436421796068E-01  -6.3136918244467485E-01   2.4830610261257546E-01   6.2222796024544209E-02
   7.9040223961884743E-02  -4.5756844555625626E-01   8.8565442505939433E-01   4.5062463116822684E-02
   4.0918604031387015E-01   8.8181239779747588E-01  -2.3446466578766629E-01   2.9769411307613147E-02
  -9.2015154725809971E-01  -2.0831403190352189E-01  -3.3155149553368556E-01   4.2354521440139984E-02
  -4.3584275481358636E-02  -1.8062025980488403E-01   9.8258675580265233E-01   4.5313945010143186E-02
  -6.4140794294621485E-01  -1.2670079904274875E-01  -7.5666555243874702E-01   6.9802052150084588E-02
   6.8997669129243277E-01   3.5957160666806680E-01   6.2820412697728436E-01   2.9412501154790348E-02
   1.0036191095887607E-01   9.7822543411649149E-01  -1.8166586601859027E-01   2.6829714150514170E-02
   9.1174391697397698E-01   1.9484455551329332E-01   3.6160562640503379E-01   5.9014367421061244E-02
  -1.7700443077194312E-02   4.5684806233058274E-01   8.8936862001065843E-01   2.9450044261440426E-02
  -6.0484050972741503E-01   5.7637177166762274E-01  -5.4951209142056791E-01   6.3205128271182662E-03
   7.2629804861420801E-01   1.6947174438729879E-01   6.6616099588126562E-01   4.9061002062647069E-02
   6.6917722758187370E-01  -4.7155707416737513E-02  -7.4160513573185582E-01   3.4051056903401812E-02
   2.9962039906143962E-01  -7.1734642454095052E-02  -9.5135784935966487E-01   9.5796635801533707E-03
   9.1249473258396918E-01   3.4814149484825773E-01  -2.1482751818920045E-01   7.3578087730783030E-02
  -9.3719228818434849E-01  -2.3924040469529161E-01   2.5383979934009150E-01   2.9430039372290032E-02
   1.8390853717858938E-01  -7.0140536196355638E-01   6.8862774280564948E-01   3.8330137821784418E-02
   5.2697214615850871E-01   7.8542617808280512E-01   3.2466301907567651E-01   1.6314547423398259E-02
   4.6995394884118866E-01   8.8152475494140727E-01  -4.5358487563688658E-02   4.5162678116049033E-02
   3.9899166194858356E-01  -2.2754938878541310E-01  -8.8827187806374467E-01   3.6735462555485787E-02
  -5.0000510496690244E-01  -7.8880924393945850E-01   3.5745611154755319E-01   5.2111745173832133E-02
  -2.1585381101979446E-01   7.8506228983085222E-01  -5.8058964282337122E-01   5.5666778638764915E-02
  -5.3620832810266012E-01  -4.4111449534315898E-02   8.4293226827149716E-01   3.8013876323450904E-02
  -3.6285182884671525E-01  -7.5561665031745040E-01  -5.4532745031368978E-01   1.0621607142052458E-03
   4.1252322005922401E-01   3.3594880122725041E-01   8.4673667445430904E-01   2.9450931873838008E-02
   9.1245367715638465E-01   1.8956617997747734E-01  -3.6261956711206138E-01   2.9429602522113329E-02
  -1.7777701395497591E-01   1.0854937210041482E-02  -9.8401092658944513E-01   2.5273849203280578E-02
  -7.9011682888764216E-02   6.1866222100494985E-01   7.8167397952618831E-01   4.7764883838261056E-02
  -9.2872707264969491E-01   1.1866490400126918E-01  -3.5126153374074142E-01   2.7077602894929007E-02
   8.6601650517671906E-02  -9.7012121218032820E-01  -2.2663845173620806E-01   2.1618922469894514E-02
   1.4387299513640425E-01   9.8928992536595607E-01   2.4617165553760909E-02   4.2358158982725724E-02
   5.3496817627876103E-01   4.2820939497078418E-01   7.2831707684753030E-01   4.2769592151718365E-02
  -2.3738006374175508E-01  -4.8467781221916377E-01  -8.4186585848364536E-01   1.9991963901364416E-02
   6.9063576607081387E-01  -2.5255079958088701E-01  -6.7767273241206540E-01   4.2352619105452840E-02
  -2.7918544647636407E-01   6.5298735587020235E-01  -7.0403337957048242E-01   1.3170280523613735E-02
   7.9417662942432194E-01  -1.0622465260027018E-01  -5.9833084865831134E-01   4.0343383409325124E-02
   8.8198208743293946E-01   4.5450647741157910E-01   1.2462527608134985E-01   4.6634738656781449E-02
  -6.7017369244087277E-01  -6.9682170611072988E-01   2.5555181833259976E-01   2.3216026196797963E-02
   4.7519910816851727E-01  -6.4836276934692751E-02   8.7748621914483280E-01   5.0590429256892877E-02
  -6.1505299083007667E-01  -6.6002898181247466E-01   4.3136012986664118E-01   1.3947168169306478E-02
  -1.1301500385606741E-01  -6.2479142728552723E-01  -7.7256927281242990E-01   7.1297097481241493E-03
  -7.4383032932530976E-01   5.4762147474275337E-01   3.8318032514257961E-01  -8.7568525665440493E-03
   4.6660867181889766E-01  -8.8203021474943739E-01   6.5567123259036339E-02   4.8034609645586767E-02
  -8.2139860942367821E-01   3.8263790254697415E-01   4.2295692448676156E-01   7.9538989510123485E-02
  -2.1627054325192562E-01   4.9147275072480605E-01   8.4361222573911867E-01   3.0882502632701558E-02
   3.5309257422813300E-03  -7.6960789224601402E-01   6.3850702796136094E-01   2.6829822282780337E-02
   2.8981020541525497E-01   7.2907385218906473E-01  -6.2004948422796504E-01   4.8317321570187763E-03
  -5.2027496852714758E-01   3.1223652276996061E-01   7.9487251240220864E-01   3.1425961421727923E-02
   6.9269936439394026E-01   6.6573874892756981E-01  -2.7741576873816180E-01   4.3396873365694048E-02
  -5.6529571678451375E-01  -8.2445312544231406E-01  -2.6791725093450398E-02   4.4321656492347294E-03
   4.4757160240432707E-01  -7.8596477183085458E-01   4.2654312579397597E-01   5.9057067169244099E-02
   8.6747826909982368E-01   4.2793464294301895E-02  -4.9563108463177139E-01   2.2165494308083859E-02
   5.9142624921774871E-01  -5.9789811132466308E-01  -5.4104790934872504E-01   6.5205913837620226E-02
  -8.8475332756243449E-01   4.4716314072125875E-01  -1.3136466399873072E-01   5.3970101190935615E-02
   1.4429789328131514E-01  -8.2405388182624399E-01  -5.4782599230200172E-01   9.0347109736472290E-03
  -5.1031091475170766E-01   8.1388512561360002E-01   2.7780167852302413E-01   2.2668525216801844E-02
  -8.9898848254510053E-01   4.3352500984354591E-01   6.2255715331291154E-02   2.9309425547887464E-02
   3.3184805485432606E-01  -8.0169000633972071E-01  -4.9716194768346761E-01   7.2815187273643555E-02
   5.5340622582331615E-01  -5.1489066475212759E-01   6.5469775665653928E-01   2.7774331780160239E-02
   8.6628775502785391E-01  -3.4959153049874429E-01  -3.5683509817890186E-01   5.1078639595319321E-02
  -5.4555936238573687E-02  -9.6343804515498359E-01   2.6231809500885883E-01   1.3042865942552295E-02
   5.1964736775650770E-01   7.8133587945897655E-01  -3.4566003045449242E-01   3.8520378119984979E-02
   1.4275412789187491E-01   1.1995745628255285E-01   9.8246194208836890E-01   4.6458436802001781E-02
  -3.5063006406524555E-01   3.2540387783388724E-01  -8.7816335294993397E-01   9.6911970170967123E-02
   2.2014016134452583E-01  -2.6999283194934768E-01  -9.3735915211789411E-01   6.2931811040222829E-02
   2.3983045938856424E-01  -9.0196173398909138E-01  -3.5909104857801956E-01  -1.0942323136881517E-02
   1.1630135109722341E-01   5.6566296697808180E-01   8.1639414716331355E-01   3.4162366580128824E-02
  -8.8967706065080598E-01  -3.9560435892796972E-01  -2.2797350492750698E-01   3.4052431129545266E-02
   4.2349868586911858E-01  -4.4856813438098788E-01   7.8704224275771217E-01   2.4780812291808334E-02
   2.0258013120889080E-01   4.0677776424121789E-01   8.9078231962601535E-01   4.2868472763649521E-02
  -8.8368576411708588E-01   7.7450830353199187E-02   4.6162846443260194E-01   8.0072274733311896E-02
   5.2868285965546979E-01  -3.6622805001240879E-01  -7.6574894664676058E-01   6.5589193472654141E-02
  -4.4869874579617725E-01   6.2862193564722170E-01   6.3521956640525312E-01   4.7163589987321579E-02
   2.7526940256923304E-01  -9.4585889370791171E-01  -1.7198171182664410E-01   6.8461633805439126E-02
  -8.0716457193377042E-01  -5.6289418916939437E-01  -1.7786367142928045E-01   2.8515800050447509E-02
  -3.6964738943662851E-01  -8.8938321583430877E-01   2.6899498670962063E-01   4.8318117166836298E-03
  -6.7464974776752519E-01   7.2353085861184842E-01   1.4611917900678292E-01  -5.6570832381408973E-03
  -2.4614983324568133E-01  -9.6873868150102495E-01  -3.0913210069141165E-02  -4.8452896495095476E-03
   8.1151806012450364E-01   2.3199562643602429E-01  -5.3629886015757968E-01   4.9157353371881935E-02
   3.1863257401455227E-02  -3.0772441352140416E-01  -9.5094185844912537E-01   2.8260839440042989E-03
   5.9794853752410590E-01  -3.4154394961733967E-01   7.2512431827416401E-01   5.6503541521511788E-02
  -1.6658399178757150E-01   8.6624451177953627E-01   4.7103101754762493E-01   1.9771091759012278E-02
   7.7987162931241886E-01   6.2026335875392639E-01   8.4104741726559844E-02   1.6567672610201242E-02
   1.7274388773829072E-01   8.4269105107503285E-01  -5.0993268348588642E-01   4.5274038849733511E-02
   5.0922898520972816E-01   8.4868666945516579E-01   1.4288729023733561E-01   3.5961277098094339E-02
  -2.7805908376972325E-01  -1.6048240435224478E-01  -9.4706311501740199E-01   7.1302648671600250E-03
   2.8111659984366728E-01   2.3234512353875929E-01   9.3112254878726581E-01   3.4161779906126996E-02
  -9.6810316112391507E-01  -2.4484635011078350E-01   5.3165160202059293E-02   2.2166361833872016E-02
  -4.6994384796292640E-01  -1.5198498186852664E-01  -8.6951328054735395E-01   8.0302993582270811E-03
  -1.7861606504311540E-01   9.4028749342393265E-01   2.8975115361125197E-01   2.4781608459175981E-02
  -3.0927774725583789E-01  -6.2635383340233774E-01  -7.1556142324370073E-01   7.5779469592202692E-02
   3.5517876378977804E-01   8.9810420306085472E-01   2.5933932636064289E-01   4.6875966542931450E-02
  -3.1489107423945976E-01  -6.9246706146340484E-01   6.4910167166057739E-01   2.9769238419114479E-02
  -8.0084763188485386E-01  -5.6329056146773037E-01   2.0333915969579159E-01   2.9921407316802612E-02
   2.4331393250058686E-01   6.5525942332487732E-01   7.1514573227772881E-01   4.6458485341836599E-02
  -8.2746454964110238E-02  -9.8765382378946231E-01  -1.3301484332557098E-01   7.3655546733219532E-02
  -8.2585654538496982E-01  -7.8928994707379853E-02   5.5832891760975931E-01  -6.3543688185042919E-03
   1.0979645237752826E-01  -9.9311643291377542E-01  -4.0798158315393013E-02   1.3170148713515228E-02
   3.9864595822672121E-02  -6.2034640723189591E-01   7.8331420837003440E-01   4.2359434058173830E-02
   9.4546380650384520E-01   2.8022929104369854E-01   1.6604136542562404E-01   5.4296941865593826E-02
   5.7002057609854315E-02   7.2238256808974457E-01   6.8914018221861681E-01   1.3716009118625474E-02
   9.1132583679324312E-01  -2.1129259172313776E-01   3.5332797777138278E-01  -8.7575382184745329E-03
  -6.0789166287277307E-01   5.9850528937149931E-01   5.2178457700866607E-01   4.5894931902792066E-02
   8.6565622883481463E-01   4.9646103864526445E-01  -6.4542471185662906E-02   4.8302988236219857E-02
  -1.3482740230018375E-01   5.5077035718527200E-01  -8.2369508025421165E-01   7.3657120912208160E-02
  -1.4247747766704563E-01  -6.7333481121541360E-01   7.2547942793930397E-01   4.0940012702629173E-02
   3.7482930892340302E-01  -6.1519136162828482E-01   6.9357233058271638E-01   5.8806462221334667E-02
   1.8576274062549389E-01   8.9834933776685392E-01   3.9807118902171328E-01   6.7895408391364027E-03
   9.1911990443810225E-01  -3.9310136948928381E-01   2.6266224916097495E-02   2.9309208768370620E-02
   6.2145422126509108E-01   5.3611836756845843E-01   5.7128954727662426E-01   2.1062669441048065E-02
  -4.7882837332139320E-01  -6.2147165138232294E-01  -6.2007771725044023E-01   2.8416105506500031E-02
   1.7167653582139738E-01   9.6100345021441651E-01   2.1679376311220699E-01   4.5064038500139966E-02
   4.7938337370400123E-01   2.7030007522372683E-01  -8.3494278268047654E-01   5.0680050173225081E-02
  -1.1947643282428101E-01  -5.1944672660812516E-01   8.4610902383539716E-01   1.7437616546299247E-02
   2.7834732737226879E-01  -3.7069613400110319E-01   8.8606271876281503E-01   6.0295801807062590E-02
   2.9479444254404967E-01  -5.6929611015468974E-01  -7.6746216558725697E-01   6.9801449517520968E-02
  -9.6806216952375159E-01  -4.6041238540603908E-02  -2.4644642478764873E-01   3.4783734839990789E-02
   9.6033604980169293E-01  -2.4509910789934883E-01   1.3297029276580332E-01   1.1592000504865525E-02
   5.5010539002436633E-01   4.1211090878013090E-01  -7.2632544959580922E-01   4.6312907027515306E-02
   6.1827082398484840E-01  -7.7135743911096152E-01   1.5082734943396651E-01   3.2392149219843324E-02
  -6.8879639283281619E-01   7.2345183318489318E-01  -4.6658056988243910E-02   6.2221721146479342E-02
   8.1590937855605396E-01   2.8139167789124353E-01   5.0508475486577921E-01   3.1425856903689193E-02
  -7.8804011446632946E-01   5.8311347036594582E-01   1.9741190103354373E-01   7.2958334164906490E-02
   9.2088735807408426E-01   2.2361428322155312E-03   3.8982236134496828E-01   3.8837261032747022E-02
   6.7462582794776473E-01  -6.4417419286438635E-01  -3.6044361766205437E-01   3.6164204110986419E-02
   8.3842140439797070E-01  -5.4019708050021204E-01  -7.2364790239327945E-02   5.3971257329661952E-02
   4.1211247482151698E-01  -6.7661650074892509E-01  -6.1020768514561041E-01   2.6209850046915383E-02
  -7.4991834088369033E-01   4.3737307735624666E-01  -4.9631368428664126E-01   5.0938908982948252E-02
  -9.6376921008057934E-01   7.7908045703899988E-02   2.5510634275779011E-01   2.1933238899104945E-02
  -1.6581896015524733E-01  -3.2494302586154639E-01  -9.3108329509071037E-01   1.9991096339490287E-02
   1.2120934663051941E-01  -2.8195545819439242E-01   9.5174020293554519E-01   6.7905617640578705E-03
  -6.9917237478244764E-01  -7.1143378298438522E-01   7.0851695601439672E-02   4.6312556753521860E-02
   5.1345915499040017E-01  -7.3850276324247632E-01  -4.3700499406731188E-01   2.9589428851336299E-03
  -6.2624649611228244E-01  -5.3230062768701271E-01   5.6962388281312552E-01   4.3397214948076117E-02
   6.5119900090330826E-01  -4.3510263229307959E-01  -6.2179221657573542E-01   1.8677091750587027E-02
   3.2942830385478312E-01   9.4102816817686445E-01   7.7090721342166084E-02   1.7437559698918754E-02
   7.4320792275226263E-01  -6.6773966590505331E-01   4.2020496609090560E-02   2.6473363849642916E-02
   6.1316632531687123E-01   5.0368757867211177E-02   7.8834639957845888E-01   1.6940609714829511E-02
  -7.9556988428495163E-02   1.6810224475431092E-01   9.8255397861936835E-01   4.1525378086272581E-02
   9.9757580457615766E-01  -5.3834484341590140E-02   4.4094925103765598E-02   1.5500634678563784E-02
  -8.5590282884839599E-01  -3.9301997605719183E-01   3.3610362388602368E-01   1.5713083628490400E-02
  -4.2045282894781443E-01   7.0086203886695974E-01  -5.7620466945784816E-01   3.2000774529268896E-02
  -8.3408278521181724E-01   4.4915287783900694E-01  -3.2026176753124238E-01   2.4809583007044828E-02
  -3.4735851538516833E-01   3.2839885970578142E-01   8.7834859294778535E-01   2.9411627419221000E-02
   8.8661097062103166E-01  -1.5688930803211256E-01  -4.3509393445512092E-01   2.6383853205348439E-02
   8.0844630413866163E-01  -5.2263823262550239E-01  -2.7067295971823601E-01   3.2884917424543269E-02
  -9.1017891550831304E-01  -4.1188858437632038E-01  -4.3842169478506347E-02   3.8289546387103650E-02
  -1.8846755342014766E-01  -1.6935474655234219E-02   9.8193338419977642E-01   5.6236129606506866E-02
  -4.6598215002068803E-01   1.7811581766053117E-01  -8.6668067439006470E-01   9.0331336296843396E-03
  -5.8487040697949037E-01  -4.6238090568408170E-01  -6.6643117056333256E-01   6.2931540420651925E-02
   6.6258887545617239E-01   2.5723056148089629E-01  -7.0342620107723288E-01   2.6035543531413725E-02
  -3.1436597148414513E-01   7.6066394417588263E-01   5.6794753279120708E-01   3.5661310658451941E-02
  -3.5880758830364416E-02   9.9864400485419331E-01  -3.7718996732881571E-02   3.8331398070008969E-02
   4.9131024602705126E-02   9.2245491168986717E-01  -3.8296615819250634E-01   3.6422949823187376E-02
  -4.9839820994037236E-01   3.8276224581858588E-01  -7.7787678169755460E-01  -1.0942820197504829E-02
  -3.1285973477463291E-02  -8.8661970068694611E-01   4.6143980562729725E-01   3.6420388268722949E-02
  -6.7429061172801576E-01   2.8195726181830682E-01   6.8251906452741764E-01   5.9014808705678243E-02
   3.5278570392802341E-01  -4.0792395054128025E-01  -8.4210468332553762E-01   9.3456212847909760E-03
   2.9535084203287077E-01  -9.3273190243339811E-01   2.0683103803212947E-01   2.5134743696987342E-02
  -8.0731054524061089E-01   5.9009194075183373E-01   6.4175542882021101E-03   1.9426709463076205E-02
   6.0284144040731133E-01  -7.1952443792780140E-01   3.4477062077897473E-01   7.9343355732629721E-03
  -8.4449278632381794E-02   7.0147122182827335E-01  -7.0767679366022706E-01   3.0962282891604528E-02
  -8.1968458704997626E-01  -5.7267548119147022E-01   1.2647964058609719E-02   2.6036095654092732E-02
   7.1566674831932957E-01   3.9225018723761738E-01  -5.7789349880587126E-01   2.9921536028437962E-02
  -3.0246807175299341E-01  -5.4521411663056493E-01   7.8182775123218721E-01   4.5164022668713847E-02
   5.2459770769547535E-01   6.9187710535779034E-01   4.9608801251630509E-01   5.6235989609872021E-02
  -9.5923455603865832E-01   2.7885570125827188E-01  -4.5919106884559779E-02   1.9335044743232401E-02
   2.8708780400000417E-01  -8.7425229716861441E-01   3.9148884235678522E-01   2.6715261813427968E-02
   4.7831506898218307E-01  -5.3015574066102910E-01  -7.0010683858160183E-01   1.4782725458313745E-02
   1.4825948175710117E-02  -7.3873663902299133E-01  -6.7383111342954906E-01   8.4218346966489878E-02
  -8.3669239034037143E-01   1.0540592008312708E-01  -5.3743412243543389E-01   6.5207330481127687E-02
  -6.3545943153383710E-01   4.1412111509289744E-01  -6.5168628411905968E-01   4.8229528283722169E-02
   6.6580718572492383E-01   7.1588290471943958E-01   2.1026758705876340E-01   5.4005083217947769E-02
   6.1147264860801495E-01   6.5284243968264679E-01  -4.4709948440308995E-01   1.3948577575356162E-02
   1.0889152085294566E-01   7.2608147016093438E-01  -6.7893176047027639E-01   6.3274670313218273E-02
  -9.8529984768187155E-01  -7.8187274076135002E-02   1.5189127799391323E-01   5.9628532492076518E-02
   7.0282398881864596E-01  -4.2732252213903629E-01   5.6871249574260351E-01   2.2667794987417382E-02
  -8.4411400199285715E-02  -3.5440833672613072E-01   9.3127302461491581E-01   4.6877184796343902E-02
   1.6203826027379840E-01  -9.4760299160703898E-02   9.8222405178778569E-01   5.9123133979910535E-02
  -1.3886439725164632E-01   8.9019741432823469E-01  -4.3389542829956404E-01   3.8854983121507110E-02
   1.2978999595404032E-02   8.4926157004787121E-01   5.2781278045281085E-01   3.0648812883707363E-02
