   0.0000000000000000E+00   0.0000000000000000E+00   1.0000000000000000E+00   4.0421576568417600E-02
   7.5342062403268634E-01   0.0000000000000000E+00  -6.5753886826726626E-01   7.0995811007045039E-03
  -8.3897036087263963E-01  -5.0022485650305847E-01  -2.1425178298844476E-01   3.8609407718849872E-02
   4.0767969447637959E-01  -7.9803099795613219E-01   4.4378349790498701E-01   4.2645883621144715E-02
   9.0450540884831358E-01  -3.9608707793005173E-01  -1.5806641661332809E-01   1.4050103789127517E-02
   4.9761281490788213E-01   5.6929041161053186E-01  -6.5443862484404524E-01   2.8503338361412570E-03
  -4.4220969635314153E-01  -5.7713631875907944E-01  -6.8655972356414896E-01   5.5609312908451737E-02
  -5.5847971704176728E-01   7.6513747646810683E-01   3.2041386948283747E-01   3.9891545102663830E-02
   8.2681376327499336E-01   5.5048726732154733E-01  -1.1551090587428858E-01   4.8689015539709945E-02
   5.3002050301917558E-01   4.1798238365353554E-01  -7.3781365759560779E-01   3.9451559971397429E-02
  -1.5575024256336947E-01   5.7621813842427318E-01   8.0231821548081327E-01   3.4596065244451699E-02
   1.2888247986858836E-04   9.9594642913077073E-01  -8.9948283424269934E-02   2.2156856239220457E-02
  -1.4340313757044378E-01   1.2986079991323127E-01   9.8110739105403137E-01   3.8207714013956213E-02
  -5.5065748550461934E-01  -5.4495408243016063E-01   6.3229849098383237E-01   5.0623364924330989E-03
  -9.3665456121983030E-01   1.0880369719896654E-01  -3.3292640090855325E-01   1.2782399366964958E-02
  -5.5777147978368653E-01  -1.2222032231193207E-01  -8.2094650809531071E-01   4.0205795804579285E-02
   5.5775830226165812E-01  -4.9286538851892682E-01  -6.6782436692462798E-01   2.5742895869160622E-02
   1.8239808858114583E-01   9.6712850183887084E-01   1.7718182246733285E-01   2.3202716620604704E-02
   5.2164628496238627E-01   7.3001117997193993E-02  -8.5003293474788410E-01   1.1583256219301156E-02
  -7.5520593991249551E-01   3.3674051002572742E-01   5.6237871334937370E-01   1.7864276687767979E-02
  -2.3533848152625620E-01  -1.8391982649493751E-01  -9.5435281554307156E-01   1.8417569977973904E-02
   9.7568038105590613E-01  -2.0643271997877690E-01   7.3711099196563987E-02   1.3083155565403470E-02
   7.7733264481696586E-01   1.6962676184731315E-01  -6.0578933711898210E-01   4.8689539634284884E-02
  -6.7835595149061234E-01  -3.9125618246511377E-01  -6.2189372304284562E-01   3.2096526498286426E-02
  -2.6579492337568848E-01  -8.2054534308165045E-01  -5.0602213257398958E-01   4.6371578918847395E-02
  -5.8737457732127884E-01   7.9667534589307917E-01   1.4247631088286811E-01   2.8001360357014725E-02
   6.8997966390069676E-01   6.3072826257695160E-01  -3.5511958857565391E-01   4.5604282715649517E-02
  -1.0682022597866109E-01  -6.2643499115168141E-01  -7.7211957699741073E-01  -1.3759183645753827E-02
   8.6832290694843301E-01  -4.7727301079249766E-01   1.3500297195872197E-01   1.1036439914702318E-02
  -9.0383864419539001E-01  -9.6044714244051210E-02   4.1695457561324085E-01   3.7160284829072751E-02
   1.3536067747033277E-01  -2.9314031424416340E-01   9.4643871600838771E-01   3.1142949929110579E-02
  -2.9665301132553917E-01   7.4512680013938625E-01  -5.9731318634827470E-01   6.7016846549566402E-03
  -8.0289039348099908E-01   5.5455131818329022E-01  -2.1872323049256072E-01   3.5335549966163530E-02
   6.0127964826938464E-01  -7.8526220944102060E-01  -1.4773641054544333E-01   5.8935507916544036E-02
  -9.7438560610193718E-01  -1.9396678003196200E-01  -1.1379621639313370E-01   5.6884930018889008E-02
   1.3364847584543730E-02   9.9639918688125685E-01   8.3725988984377650E-02   8.3693502731456135E-03
  -6.7783089608186495E-01   3.5504488092499091E-01  -6.4380774214497824E-01   1.9007596377514337E-02
  -1.4400313741108858E-01   9.7260277155255003E-01   1.8250190460392786E-01   1.8524428862515410E-02
   8.0431786505456539E-01   5.2088302955915066E-01  -2.8592593703850468E-01   1.9771461781360898E-02
  -4.9865842035079008E-01  -7.4697510710914194E-01   4.3973624955482186E-01  -6.1546075748820685E-03
  -4.1026863736822374E-03  -7.4080963318991681E-01  -6.7170250508505624E-01   5.8908002802270811E-02
  -7.8711662797700752E-01   3.8053046432276280E-01  -4.8543174564958926E-01   1.1981735035861358E-02
  -4.3828441265145645E-01   6.2174457985310116E-01   6.4910742643268113E-01   2.8615890702082964E-02
   4.6172936456348807E-01   8.0962927386526768E-01   3.6236229494829732E-01   1.4068045105905577E-02
  -6.8772503610948767E-01  -4.6327243111375979E-01   5.5893911052828517E-01   2.6239108978075211E-02
  -3.3741900061416778E-02  -8.5723127538363925E-01   5.1382489690981749E-01   2.1669811395272642E-02
   3.2374738449871678E-01   9.4296847600440951E-01  -7.7447300096010138E-02   2.0186126385933320E-02
  -3.9377569235313853E-01  -9.0291868620993831E-01  -1.7227463598778935E-01   4.2972061492256869E-02
   3.3467461880219540E-01   9.0179467697059809E-01   2.7342139659708375E-01   4.3960569664372002E-02
  -2.7377408437002781E-01   6.6138908234545903E-01   6.9829236891261006E-01   3.4595222015964885E-02
  -6.9062463914225862E-01   6.6407920779245976E-01  -2.8641999509001486E-01   6.2295950120223348E-03
   3.0721543384695881E-01   7.8127878030581952E-01  -5.4334348680192707E-01   1.3074933809136708E-02
   2.7915759389912770E-01  -8.0592546116632171E-01  -5.2206818406440094E-01   5.2335435920512676E-02
  -5.4414873971817323E-01   3.5147772552584561E-01  -7.6181727305325788E-01   2.7739056792692928E-02
  -1.5408354831064261E-01   9.8802999634855552E-01   7.4152852591977183E-03   5.7182162150201838E-02
   1.5490382428856264E-01   9.7303675596478846E-01  -1.7089258837731602E-01   1.5550640800075809E-02
  -2.0752867760579385E-01  -9.5594540807423484E-01  -2.0760593621805552E-01   9.3281224917035654E-02
   2.5817239713397803E-01   1.3805826233019655E-01  -9.5618352294968040E-01   3.0471029278962391E-03
   3.2600016857286311E-01  -4.4152006610128928E-01  -8.3593296460923109E-01   2.3686748368904027E-02
  -9.8883393010293474E-02   3.0617527141973917E-01   9.4682563218251587E-01   3.6974605980738290E-02
   5.8615095970183892E-01   7.6899834205896890E-01  -2.5508548047893708E-01   4.8146035336404633E-02
   8.6971148315478306E-01   2.0743368841133431E-01  -4.4785399516000410E-01   2.2033248411626336E-02
  -1.2745116162088110E-01  -9.9184476044571532E-01  -4.1542492671139337E-04   1.9862964686909572E-02
   3.0468893067675191E-01   5.2497842135774615E-01   7.9470894837782353E-01   2.2409164307628857E-02
  -2.5893783572748012E-01   4.7121048836152166E-01  -8.4315590070097048E-01   2.8480993571736604E-02
  -3.9963682252143799E-01  -1.4803556419549311E-01  -9.0464130008434313E-01   1.9093178604834639E-02
  -7.4377454838722698E-01  -5.3284231894983040E-01   4.0358206638494698E-01   1.4126533498680425E-02
  -6.1036561260799828E-01  -6.2204556297755448E-01   4.9042138669270967E-01   4.8296486314623878E-02
  -5.8920895819081025E-01  -5.3018215500596603E-01  -6.0970458920769976E-01  -1.8114463642169509E-02
  -6.2054217530155995E-01   4.3798466855886353E-02  -7.8294897852483460E-01   2.2928199410060705E-02
  -6.6941313482238680E-01  -7.4274630358190361E-01  -1.4628172909959671E-02   6.2955672033883871E-02
  -3.0784850637428542E-01   8.0494244937703385E-02   9.4802424739825639E-01   3.5438505153367891E-02
   4.8975769047270061E-02   5.3296922552832981E-01  -8.4471603434879867E-01   3.4691073311918030E-02
   8.1964127021434656E-01  -5.3460675280533758E-03   5.7285216917054428E-01   1.5964427207822224E-02
   1.4260649092629611E-01   8.4097740516736934E-01   5.2193906995323366E-01   3.0561815917612977E-02
  -8.2655598370820211E-01  -2.0105249379373342E-02   5.6249531975258211E-01   3.1656995122952982E-02
   9.6097217656604883E-02  -4.5870854781127414E-01   8.8337522770537937E-01   3.2099996079920765E-02
   7.6633049675506121E-01  -2.8384943910331550E-01  -5.7633936674833723E-01  -4.4700310071229054E-03
  -9.7932939936023259E-02  -9.7922108257499385E-01   1.7758156074363209E-01   2.0876632298969690E-02
   1.3602367039392730E-01  -8.2153592162849751E-01   5.5369331815236808E-01   4.0126761644635928E-02
  -5.3444991046872445E-01  -4.1623240750002219E-01  -7.3560442912390611E-01   5.5791478071033564E-02
   1.7922392193644176E-01  -6.9753731165436052E-01   6.9377264622909979E-01   3.8922494368512792E-02
   3.9818375739473715E-01  -8.7237328391556427E-01   2.8357459134658636E-01   2.7465701127083965E-02
  -9.3943777916336301E-02   4.3442632609733013E-01  -8.9579480562480497E-01   3.1554157897946613E-02
   6.8183977411444409E-01  -6.8186355910198539E-01  -2.6487092933037614E-01   2.1324898212575083E-02
  -5.3711810552735634E-01  -8.3868274063340191E-01  -9.0085522024072197E-02  -9.4160703469795272E-03
   1.1602982716988246E-01  -9.6016671410691873E-01  -2.5419866311223975E-01   8.5341139413391449E-02
   2.9666965673296562E-01  -1.4290853645323391E-01  -9.4422680801952392E-01   1.6209958472702168E-02
   4.8769413719877627E-01  -3.8625460431864011E-01  -7.8291877559846012E-01   3.8049720050039454E-02
  -4.6468542062700519E-01   1.9314887135723200E-02   8.8526515518890587E-01   1.3216165904451284E-02
  -5.9364671403115689E-01  -7.0821436192848139E-01  -3.8212039526599941E-01  -3.1435891404920179E-02
   7.7365445001610506E-01  -6.2904256123993107E-01   7.5922645626883555E-02   7.0412538459690230E-02
   5.5479019045667818E-01   7.2158118924609446E-01  -4.1415991102379141E-01   2.3685335914947511E-04
   2.4700986382936602E-01   3.0894733675269225E-01  -9.1844306861362756E-01   4.8212167245326922E-02
   1.9445210552328981E-01   6.4591233283121143E-01   7.3823142506540708E-01   2.4437738167058626E-02
   9.9643436765086779E-01  -6.3021112284975835E-02  -5.6097151180605733E-02   5.0238250695067732E-02
   6.6870887386084332E-01   2.9390954623266910E-01  -6.8296824278517469E-01   8.1303670709070470E-03
   6.4917070540427115E-01   4.5203953948663819E-01  -6.1174966284063376E-01   4.4601890965301818E-02
   8.5124001446596224E-01  -5.2315925757258998E-01  -4.1168300767516798E-02   8.2516691985631460E-03
  -7.5441223982744167E-01   6.7313901378700062E-02  -6.5294028140383666E-01   2.5074804616480799E-02
   7.5118760316196340E-01   3.6445413274183184E-01   5.5035476738480584E-01   1.0505717249090924E-02
   3.3409365902857079E-01   6.6070580788346644E-01  -6.7219733890127608E-01   1.9967450185482409E-02
   5.4826888987681057E-01  -7.0430168329501530E-01   4.5095494597693219E-01  -4.3016568315242693E-03
   6.1089061358938661E-01   7.8648596230993925E-01   9.0843212832835043E-02   1.5171732634786443E-02
  -5.1638019708015008E-01   7.0345993454331257E-01   4.8836012588640338E-01   3.8270894150831242E-02
   2.4969456272621797E-02  -5.7947117054713688E-02  -9.9800734359948322E-01   3.0834996681782618E-03
  -7.6452968373788374E-01  -6.3364891809096777E-01  -1.1825147477218778E-01  -7.2541161323683498E-03
   3.0411829524317774E-01  -2.2225507920178682E-01   9.2634482902825716E-01   3.7223475070496605E-02
  -1.7223039808574451E-02   9.6437312115559485E-01  -2.6398456411761732E-01   5.3231546006119536E-02
  -5.7498254360321823E-01   7.2051012954723123E-01  -3.8763414164828837E-01   4.2969079204636546E-02
   3.9747551606200385E-01  -4.6930441796207498E-01   7.8852176724077942E-01   4.4543242910257276E-02
  -5.5229855075611560E-01   5.0140531027001289E-01  -6.6600227151694193E-01   3.5677942664318784E-02
   3.0582014595807107E-01   9.1938529748695199E-01  -2.4739586312429118E-01   4.5810416834065641E-02
  -4.7234102052885571E-01   2.4602193557394906E-02  -8.8107246716596669E-01   2.6587481967132413E-02
  -7.1550889143883367E-01   6.9594916411949956E-01   6.0842314496911660E-02   3.7532123478301064E-02
   1.6487221674912997E-01  -9.8284438595592789E-01  -8.2668404721169483E-02  -1.3672368664824854E-02
   2.3288836264025656E-02   1.7717665745099235E-01   9.8390348213631249E-01   1.1235157597246110E-02
   7.9563135502035891E-01   4.5376445704695624E-01   4.0133348281615948E-01   5.2813306931033441E-02
  -5.6604031267696379E-02  -9.5960360949532113E-01  -2.7560278715534951E-01  -6.1105955539543890E-02
   8.6295506335942224E-01  -2.6678016099301582E-01  -4.2911176204210041E-01   1.7779306607066896E-02
  -1.6323652292557831E-01  -7.7565908364609805E-01   6.0967763903596017E-01   4.3328870828265548E-02
  -1.7593083054463001E-01  -2.2107294798996059E-01   9.5925757465391150E-01   4.0782065802385059E-02
   4.3316437700982044E-01   8.2486797927735793E-01  -3.6326497113344458E-01   3.2483268505381008E-02
   1.7993216261788946E-01  -3.6602034519467498E-03  -9.8367221154525843E-01   5.6961587732990395E-02
  -8.6711861834685635E-01  -4.9612305592372898E-01  -4.4353298604943462E-02   5.1492776776474702E-02
  -9.8099363943349207E-01  -1.8360008683962815E-01   6.2789230792491519E-02   1.8754234188351974E-02
  -5.8643305102025991E-01   5.6604108103985275E-01   5.7939086223921769E-01   2.0048505304800454E-02
   6.7287800056582032E-01  -7.1492062621890966E-01   1.9006234388038542E-01  -2.4855034365866570E-03
  -8.6168345182584999E-01   8.9562810755211685E-02  -4.9947986123477932E-01   9.9382487085286470E-03
  -6.5976848364260263E-01   2.0348987539724121E-01  -7.2339299042965290E-01   3.2639728359607622E-02
   2.2297627353074269E-01   4.6670695929882590E-01  -8.5584238945286390E-01   1.8530452996787651E-02
  -2.8033045848938975E-01  -6.1220389099530461E-01  -7.3933837306969119E-01   4.1244185110898134E-02
   6.7792380847233193E-01   5.3705778009401470E-01   5.0198431324779271E-01   1.9627470699534882E-02
   6.0328779088126252E-01   7.9281326383049464E-01  -8.6550390340221508E-02   2.3685421173920033E-02
  -3.1244501390492720E-01   9.4753213875384982E-01  -6.7534874801873936E-02   1.3404631253719501E-02
  -6.2796824615512223E-01  -2.5879267609744003E-01  -7.3394974802038417E-01   1.5927632650217096E-02
  -1.4408673993326530E-01   7.1919415512520226E-01  -6.7970492024786022E-01   3.6345893349539490E-02
   4.3841457818465858E-01  -3.0625250519508999E-01   8.4498642633884912E-01   1.6823517125983659E-02
   2.6361971264977097E-01   3.5761618226373337E-01   8.9588800264629302E-01   1.6799019992100181E-02
   1.3446225292850542E-01   8.4923276199192354E-01  -5.1061102465277761E-01   4.4563705691028010E-02
  -9.5864968527808205E-01  -1.4797491792954165E-01   2.4309299574438512E-01   1.8086020553911051E-02
   6.7623645692709333E-01  -6.4523458420473165E-01   3.5549484619166933E-01   7.0845311852122447E-02
   9.2887096158571402E-01  -2.5263888384416395E-01  -2.7087327496969146E-01   5.6546768241705143E-02
   2.4468812870291229E-01  -5.9418693073296093E-01  -7.6620467958503777E-01   4.9510358658245952E-02
   3.6853454592648624E-01   5.2167710366893746E-01  -7.6943829380031969E-01   5.3069205635166065E-02
   5.9074414074521195E-01  -2.0717536419925242E-01   7.7980749460627034E-01   3.6265670073566660E-02
  -5.1747789058855673E-01  -6.6903608947038506E-01  -5.3348602956234261E-01   5.2050917988470892E-02
  -7.8302284127760781E-01   2.2657370051869900E-01  -5.7925779085896200E-01   4.0240404137160350E-02
   6.8823789873890621E-01   2.5712308664471579E-01   6.7839244766856685E-01   2.8800123407752735E-02
  -1.2152142426355214E-01   5.8564515118716187E-01  -8.0140645139400028E-01   1.8911434391670908E-02
   6.0270072738498017E-01  -3.0549831141563719E-02   7.9738230543876369E-01   1.6314915429339924E-02
   1.8985630624227788E-01   2.2372883342745195E-01   9.5598116721681805E-01   3.5830906544519627E-02
   1.0447294294833091E-01   2.0088739120648826E-01  -9.7402754593798128E-01   2.3561128079394135E-02
  -3.6248742971488367E-01   1.7231028214779171E-01  -9.1592141036490986E-01   2.3553970967105879E-02
   6.1789713639728489E-01  -5.7580004091995382E-01   5.3540399859229133E-01   3.8894351770013852E-02
   1.7663148746450185E-01  -7.2356731375841354E-01  -6.6727180376253798E-01  -3.7360975821978956E-03
   7.8317891393665366E-01  -5.6957635362566065E-01   2.4942647444788219E-01   1.0330039750735775E-02
   8.2663916461829991E-01  -1.2257750487448093E-01  -5.4921985289855097E-01   5.7231305065174131E-02
   7.9120606102042092E-01  -3.5109316419582112E-01   5.0072603193714240E-01   4.7763037989301295E-02
  -2.3973917300404088E-01   8.5749210378006406E-01   4.5522787797121813E-01   3.4048803131893361E-02
   8.0022514524936934E-01   1.7637118237241045E-01   5.7317791560664979E-01   4.0708467716260390E-02
  -3.5127072670124102E-01  -4.2880094470847476E-01   8.3230921320138087E-01   3.5551270583746226E-02
  -7.1619912032428985E-01  -3.0295472510496330E-01   6.2871078771028692E-01   2.5216566977752910E-02
  -9.1962448607229969E-01   2.5403179393601855E-01   2.9959748377766306E-01   3.8834035597532817E-02
   4.2625668932114884E-01   7.3426762871408621E-01   5.2835242426960284E-01   2.3373636958210175E-02
  -3.1347115808950394E-01  -7.0693986877441519E-04  -9.4959745854864578E-01   3.9710541460305503E-02
   1.4587669030565752E-01   4.9503708188721571E-01   8.5653854483149647E-01   3.4256267679399750E-02
  -8.9653955295730956E-01   8.9550549145182820E-02   4.3381739145740061E-01   1.7749996074557801E-02
  -1.2863231543865345E-01   9.2602410017301597E-01   3.5487053036797351E-01   1.5657487559503115E-02
   3.2064123752849020E-01  -4.7773122992590577E-02   9.4599520374879979E-01   2.4231470589751884E-02
   9.3539666107378511E-01   6.6408334444109247E-02  -3.4730824863278679E-01   5.0561985134286269E-02
   4.3480122644766172E-01   2.3113585159825125E-01   8.7035861091021580E-01   2.2957842531848222E-02
  -7.5989409194653525E-01  -2.3047767000289383E-01  -6.0781659458654777E-01   2.9304951756160605E-02
  -3.3491455193440784E-01  -2.6492498011055083E-01   9.0423835232531430E-01   1.8840735100417699E-02
   2.2262896562305218E-01  -5.4906173228154466E-01   8.0558522690625302E-01   2.5714975610487553E-02
  -3.9559170104329005E-01   3.3778917683673590E-01  -8.5405250311537432E-01   3.2940478386169784E-02
   7.0272607797628179E-01  -2.7439295675619495E-01   6.5641798011226466E-01   7.2564963072620143E-03
   7.1845410593451806E-01   6.6989374248409649E-01  -1.8725936944912325E-01   8.7493009288429792E-03
   2.6108963217979792E-01   7.5016474688646646E-01   6.0752370858838213E-01   2.2358518595566931E-02
   9.5008436112813345E-02  -9.1337324513447555E-01   3.9588219477505512E-01   2.5904728272936781E-02
  -4.1654581623568756E-01  -5.4060217219125323E-01   7.3091646198361370E-01   2.7160290593472224E-02
   8.5027103967397934E-01  -4.1505240072547850E-01  -3.2368296795436584E-01   9.5285312114023579E-03
   6.0654038909748972E-01  -6.6722786154541067E-01  -4.3233752690577755E-01   6.2057332186911962E-02
   4.0831268357049301E-01   3.9024328084754422E-01   8.2522174849479519E-01   4.7324146401942934E-02
  -8.7517080043174608E-01  -3.4951255897551103E-01  -3.3454004422497298E-01   7.1262365409755039E-02
  -4.4502007462641408E-01  -6.7209258009850483E-01   5.9181812827593880E-01   5.3682380978034318E-02
  -1.4955298805665904E-01  -3.5611509347375918E-02  -9.8811220221456963E-01   2.4415388562308129E-02
   2.3878143404214502E-01  -9.3533357742703131E-01   2.6102591000574717E-01   3.6298666497875151E-02
  -7.0848181684016813E-02  -5.1350916633251078E-01   8.5515429674682579E-01   3.0073432070121386E-02
   9.1005207985896987E-01   4.1272624591707218E-01  -3.8239480586997354E-02   1.1650132889984039E-02
   5.3838983974780507E-01   6.0366052355933241E-01   5.8798839508310489E-01   2.3378816570136971E-02
  -5.0968486992859700E-03   7.9712355499026745E-01  -6.0379471694692279E-01   1.0220794076685657E-02
   4.9640096404168430E-01  -8.6773779105539396E-01  -2.4843688791966256E-02   7.9588147501175967E-03
   7.7294172194388135E-01   3.3421092557801674E-01  -5.3931822860229097E-01   2.3007872156155859E-02
  -2.6673164524711086E-01  -9.5629099448685845E-01   1.1984057446084273E-01   6.1599439641525091E-02
   8.1538491981455258E-01  -1.8493136669045140E-01   5.4858711446133838E-01   2.9396754714318259E-02
  -9.4827566002093508E-01   2.9696151655055039E-01   1.1219238075670354E-01   3.1550301956350113E-02
  -9.5504572881654841E-01   2.2744173110161924E-02   2.9558477372625763E-01   3.3328469914425138E-02
   3.7506023353378195E-01   6.3704993762214012E-01   6.7342200602386936E-01   4.2192599397745720E-02
   1.6559098527449322E-01   7.4161628404102977E-01  -6.5006531428849303E-01   3.7042920457925001E-02
   9.2499932246343394E-01  -3.2232780646113869E-01   2.0119900254260461E-01   1.7658388278424734E-02
  -1.0835923323350262E-02  -1.7407923181766335E-01   9.8467202855341771E-01   2.5676239849194675E-02
  -4.4548285047774092E-01   8.6860931676077104E-01   2.1693981830593758E-01   1.7979710592386268E-02
   7.2678752797419976E-02  -9.7091014108017734E-01   2.2814753305587505E-01   1.9789728011223042E-02
   3.9931776785565480E-01  -2.6964030292327327E-01  -8.7626447338359128E-01   2.4116070837252765E-02
  -9.5514942608179396E-01   2.8840215394756496E-01  -6.7184607270002683E-02   1.7794141247051051E-02
  -4.0553515096711967E-02   4.7124846785933049E-01   8.8106770111810046E-01   1.2783672503606156E-02
  -6.3338141011125639E-01   4.1278946053689411E-01   6.5454782147306573E-01   2.9506312471204436E-02
   2.5944042831614706E-02  -9.0772209148578202E-01  -4.1876904287474374E-01   6.9226863015990680E-02
   5.8487793062462190E-01   1.5369724921880716E-01   7.9642636938440949E-01   3.9686144656417452E-02
  -1.1331021623217747E-01  -6.6136486233069211E-01   7.4145621163472741E-01   3.0851618391628621E-02
  -5.8249312575208902E-01  -4.0138294305530521E-01   7.0681927780432154E-01   4.6507562305845606E-02
  -4.0821510487064234E-01  -8.8982656758071936E-01   2.0388503570141143E-01  -1.2835997258594329E-02
   8.2334641966863806E-01   5.6450477162864007E-01   5.8609180401468154E-02   8.1741644036523748E-03
   8.5007547009346442E-01   3.6743099852897525E-01  -3.7731440002387355E-01   4.3782322044274986E-02
  -8.2302629273175327E-01  -2.0187397756376896E-01   5.3091865540288711E-01   1.8633277621488019E-02
  -3.6464248732233377E-01   7.5079527415544680E-01   5.5076520654924197E-01   2.4271170251405669E-02
   6.2154065016628665E-01  -5.1256710883393310E-02  -7.8170324918109814E-01   3.2974689195907425E-02
   8.4787862742107691E-01  -4.2059650537401900E-01   3.2280088728148399E-01   6.5758051364433844E-02
   1.3175919490728831E-01   9.3075502324678609E-01  -3.4107858516514619E-01   1.7796984592829758E-02
  -9.2159200115917059E-01  -3.5158905995512705E-01  -1.6447892363249883E-01   8.8184123753627368E-04
   1.0397979561683459E-01  -8.2855981554862960E-01  -5.5016073484164786E-01   4.1328253002524162E-02
  -4.5716259866261381E-01   8.8852698437748003E-01   3.9014823043393001E-02   4.8059380566801745E-02
   6.5118266870479697E-01  -3.5727592574924016E-01  -6.6956332400940397E-01   4.2007776326096850E-02
   3.0657073107037438E-02   6.1133025491159607E-01   7.9078155219898293E-01   3.5737543999849692E-02
  -3.7477760689333630E-01  -8.4866884390201509E-01   3.7323308904935119E-01   5.9981555571577018E-02
   3.2434971672156622E-01   1.3025328170210839E-01   9.3692654134060635E-01   2.8670472771618605E-02
  -6.6414647325229436E-02   2.7182392226303391E-01  -9.6005252455592522E-01   2.4799486883370209E-02
  -5.1770583657997013E-01   1.9211881123645547E-01  -8.3370919938556777E-01   3.0533925211932455E-02
   3.3527954178781786E-01  -9.4062521670433785E-01  -5.3026696658084215E-02   6.7508749521466837E-02
  -7.0331813467474395E-02  -9.3486238373793035E-01   3.4797379137833193E-01   4.2726040154881790E-02
  -6.0613823461273597E-01  -5.0502706246543445E-02   7.9375431791098378E-01   3.5414045254013855E-02
  -1.3819606473640075E-01  -3.5248555321980390E-01  -9.2555701200018010E-01  -6.9659774047512970E-03
  -8.2995783599341041E-02  -8.3607690729751258E-01  -5.4229798541812579E-01  -2.9993141328810949E-02
   2.9748263013920151E-01  -7.5875870780185108E-01   5.7947330231886287E-01   1.2944858031334602E-02
  -6.7619732969307477E-01   4.9618910646977756E-01  -5.4456729789501583E-01   4.0146295822514135E-02
  -5.7671526127555807E-01   6.2733669414060342E-01  -5.2330505405222673E-01   4.2615661403248044E-03
  -2.9090458199860771E-01   9.1341218095052116E-01   2.8469757965853448E-01   4.5763515769828604E-02
   1.6628172808938391E-01   4.9279432932637980E-02   9.8484614249812949E-01   2.9500341313325662E-02
  -3.8797586561569525E-01   3.6667433255396271E-01   8.4559130881641504E-01   3.4623727605287153E-02
  -7.2073100435246963E-01  -6.2797981654636032E-01  -2.9357821679320803E-01   7.0498530677403232E-02
  -6.3758637461410616E-01  -7.4477459642450769E-01  -1.9696297983923889E-01   2.8930616895286220E-02
   3.4240178926604962E-01  -6.1939957335541615E-01   7.0647376684101734E-01   2.1268083362065866E-02
  -1.6613058531637476E-01   9.7114943101201518E-01  -1.7108305371216006E-01   9.5078014276581601E-03
   2.2365163559596714E-02   6.7507516627027905E-01  -7.3740987201427374E-01   3.1838073908821180E-02
   6.1140791654816641E-01   5.9472204996673072E-01  -5.2200195676414828E-01   2.9710320358475890E-02
  -7.1138694048011155E-01   6.9335583600510108E-01  -1.1483164020431726E-01   3.5637975697572827E-02
  -5.8181336520757644E-01   7.8533354960384116E-01  -2.1152877802433027E-01   4.4303774237419348E-02
  -9.9280336683967078E-01  -1.9739705703125752E-02   1.1811781749832710E-01   4.2092177313436485E-02
   2.0179289070673842E-01  -8.9616908979381708E-01  -3.9517159786394042E-01  -2.9772032779913422E-02
  -1.6476441416073217E-01  -9.0372940239358108E-01  -3.9512764402862462E-01   7.2079503454201141E-02
  -8.2926477014777972E-01   4.0235432524120211E-01   3.8785427411780162E-01   1.7377325590790935E-02
   5.3209276180308613E-01  -8.3505647971865890E-01   1.3984980699538045E-01   5.6114587841875929E-02
   3.7187813484992275E-01   1.1737819782487006E-02  -9.2820734559003383E-01   3.0391160478482448E-02
  -7.1219449954221492E-01   5.2093625566754857E-02   7.0004660487507885E-01   1.4880924236352153E-02
   3.3528971194629226E-01   9.3707203958488509E-01   9.7348865895786023E-02   1.5016593006757810E-02
  -1.6883576204442796E-01   9.2045722805781018E-01  -3.5249535709142252E-01   1.3470171382639362E-02
  -2.6954511024768250E-01   2.5540524669873923E-01   9.2850072347861996E-01   1.1025002017278495E-02
  -6.5429015239036232E-01   6.3560285064155852E-01   4.0977239138492587E-01   1.6407837598174122E-02
   9.6753407412484886E-01  -2.3065373722112281E-01  -1.0332796772075105E-01   1.3940603120745564E-02
   5.4768968919289475E-01  -7.8129890224991402E-01   2.9934600330532195E-01   2.6038799822480176E-02
   4.7569177659013393E-01   8.7961170954242913E-01   7.5770730998110593E-04   4.7657283461378616E-02
   9.5477674770643652E-01   1.2274854391784901E-02   2.9707017687539769E-01   3.3104183162963631E-03
   2.1113503230889367E-02   9.0702893242186846E-01   4.2053862573010416E-01   2.7192970328563248E-02
  -3.3254682390352017E-02  -3.4573146595195227E-01   9.3774403733099305E-01   2.5291762540573752E-02
   5.0848728657654476E-01  -6.3599754211194889E-01  -5.8047205429510784E-01   4.1290248116666639E-02
   6.5741134683306503E-01  -5.2745209819554164E-01  -5.3814924060548143E-01   4.1395035989529214E-03
  -4.7929340134835412E-01  -1.5758674746271115E-01   8.6339113526144632E-01   3.8611028486200522E-02
  -5.5458070806491797E-01  -8.2623787868466553E-01   9.8849411069961394E-02   2.7230017774333479E-02
  -1.9887315770088873E-01   7.7760397674403041E-01   5.9647424294595232E-01   2.6632368297855641E-02
  -3.5968100704089160E-01  -7.1171134774216762E-01  -6.0340411886983122E-01  -1.6886403415200225E-02
   8.6007135140889658E-01   4.2324593238335825E-02  -5.0841508562677750E-01   1.4550100795300682E-02
   7.0410759000357607E-01  -1.7061610798292221E-01  -6.8929140818387981E-01   3.9491460176065666E-02
  -1.9470815019915423E-01  -3.9229960267728989E-01   8.9899374746728017E-01   2.3855001467769620E-02
   8.1221658406022161E-01   5.3037188625333397E-01   2.4291949870198847E-01   2.6127054612307749E-02
  -4.3372307652070594E-01   1.9658249201698456E-01   8.7934044415448457E-01   3.9112319546583712E-02
  -5.4306917436703949E-01   3.0834522545905684E-01   7.8102438744824445E-01   1.3612889024531273E-02
   6.5900872010891822E-01   1.2413777796475693E-01  -7.4182027398985139E-01   3.9674711368906434E-02
  -4.2888895832770064E-01  -7.8847838139553170E-01  -4.4085837124462337E-01   5.5236937209389456E-02
  -1.6555433432191646E-01  -4.7225708009052240E-02   9.8506928430962190E-01   1.2865946103866610E-02
   4.6039095581908116E-01   8.6885945186145168E-01  -1.8199840853977441E-01   1.3158985095484208E-02
   5.7585262567987438E-01   6.8974233968741458E-01   4.3891828207552006E-01   4.3332577721833871E-02
   3.4746994759816764E-01  -6.9198280702682311E-01  -6.3279098468246610E-01   3.4830736880115358E-02
   2.3643026801504531E-02   9.6703381613756214E-01   2.5354803436447088E-01   5.0868661515200379E-02
  -7.9544537916281150E-01   1.5228817693455676E-01   5.8657903127752542E-01   3.1504885535574440E-02
  -3.2732988192158121E-01  -9.4387550815487539E-02   9.4018409827663944E-01   3.3550766430262024E-02
   8.8606630274110091E-01  -2.6031513131033290E-01   3.8356556096396330E-01  -5.8204135141678099E-03
  -3.3296496151858661E-01   5.2366845667111805E-01   7.8415921973067153E-01   1.4936348439296280E-02
  -4.7327709133791939E-01  -2.8758390780497752E-01  -8.3264896011845053E-01   2.1678276045322051E-02
   9.6210399509867023E-01   2.5470959199803751E-01  -9.7359777934069811E-02   5.0403647927462342E-02
   1.9295771233566496E-01   6.1160276216594011E-01  -7.6727399445125152E-01   2.3499679178154662E-02
  -8.7460852479149071E-01   2.5044541491148075E-01  -4.1513494494184506E-01   4.7982802339176515E-02
   3.9529311489316626E-01   3.6789709532928767E-01  -8.4166209405338623E-01   2.9201610232329029E-03
  -3.0776506590461663E-01   8.4773168567209271E-01  -4.3200885791413927E-01   2.5445943011735376E-02
  -3.7806684888128976E-01  -4.5909950483509760E-01  -8.0392356753433986E-01  -1.0760017285819865E-02
   4.5432483950246806E-01   7.0584631451311565E-01  -5.4347945729282942E-01   5.9788107970345834E-02
   1.8053181273597269E-01   9.1898100783688345E-01   3.5054553459624826E-01   1.3012597089458792E-02
  -4.1282653575383205E-01   4.9339844943841395E-01  -7.6559272558538520E-01   1.9585379448232892E-02
  -4.4957564879214562E-01   8.3179276084652364E-01  -3.2558031116214514E-01   2.5386962733245259E-03
   5.4929134636527781E-02  -6.1595225816769154E-01   7.8586615007022908E-01   2.6226004374855276E-02
   5.4395271370406312E-01   2.5241291698413572E-01  -8.0025193820043032E-01   3.3662830853830940E-02
  -1.9123127646967637E-02   8.9760736467961379E-01  -4.4038088612236183E-01   2.1498022442295274E-02
  -8.5055156034072414E-01  -4.2938155750880042E-01   3.0363386055128334E-01   2.4481211386918779E-02
   7.2592767204349026E-01   6.8763140759307059E-01  -1.3858652643430240E-02   4.0898477586626649E-02
   5.1461408099213628E-01  -5.3002867034714329E-01   6.7397474452286285E-01   8.9713472253697901E-03
  -6.7563975576530408E-01  -7.1846280721266131E-01   1.6529402615189258E-01   2.3039476229461506E-03
   2.3152886328976785E-01  -3.2103588352845284E-01  -9.1833019494670526E-01   4.7233784677989820E-02
  -8.2310068899467747E-01  -7.1558921962502575E-02  -5.6336895234300197E-01   3.7872989364783338E-02
  -6.7958293808548573E-01   2.3658870052206686E-01   6.9440104914118530E-01   3.9155156009845670E-02
  -2.4043343396893090E-01  -9.2658035350317451E-01   2.8920686771209243E-01   1.5628612365193255E-02
  -9.2772916433208489E-01   2.7906139611193925E-01  -2.4787766105025808E-01   2.8366191682553822E-02
  -3.1311479251306693E-02  -4.9392649121836154E-01  -8.6893970592890550E-01   5.5341066083804255E-02
  -1.3116909261398812E-02  -9.9285719865681780E-01  -1.1858553776394571E-01   5.3776803010570164E-02
   1.3024944368354407E-01  -1.9215598056965063E-01  -9.7268245668946011E-01   1.8786120869711870E-02
  -7.3190197556151606E-01  -1.2348320734587450E-01   6.7012789501163556E-01   3.9533211929226261E-02
  -5.8244448304827933E-01   1.3052190695173777E-01   8.0232316180720140E-01   3.3427228031425526E-02
   7.4310171884541711E-01   4.8924590537042265E-01  -4.5655041290887270E-01   1.8190236612852256E-02
   8.9913775085271296E-01  -8.8984056500292485E-02   4.2852437816334019E-01   4.9343970859112138E-02
  -9.7229226890944051E-01  -3.7279698162737200E-02  -2.3077687909283155E-01   2.8991361005700330E-02
   7.6847603408534457E-01  -4.1964672604295607E-01  -4.8305404496586969E-01   6.9896824873448935E-02
   4.4681064310966549E-01  -8.7356937870745525E-01  -1.9296836473525280E-01   1.2155038675221621E-02
  -7.8343208560525914E-01  -6.1859522226006493E-01   5.9783929623393294E-02   2.9240221359699582E-02
  -2.2932454263872839E-02   1.0042854042545321E-01  -9.9467995395978920E-01   4.1571296501099679E-02
   7.2021062736388552E-01  -1.0333789190326334E-01   6.8601598547636468E-01   4.4325772289965907E-02
   9.3296419005928115E-01   1.9961772268767985E-01   2.9955063821666932E-01   4.6586129410330716E-02
  -8.9377331780943514E-01  -2.6423768846098689E-01   3.6241923289018314E-01   2.3618142456631217E-02
  -6.7375465372167102E-01  -5.6670020003498784E-01  -4.7424207939479163E-01   7.3277551814883228E-02
   7.7709578011034770E-02   3.7492202520273725E-01  -9.2379364389631142E-01   2.6344946680986995E-02
  -8.1162935974452636E-01   5.6696804461858461E-01   1.4073030513030606E-01   2.7840109151501390E-02
  -9.9788350889630681E-01  -2.9614814487160563E-02  -5.7891842565990705E-02   1.0022505313187002E-02
   4.6262137607398843E-01  -1.3322233867187460E-01   8.7648917328065483E-01   3.1360967142601046E-02
  -4.9974639781241938E-01  -8.1937006916020358E-01  -2.8086692158015731E-01   6.7045540657225854E-02
   1.4969859480750812E-01  -4.7723393739798112E-01  -8.6593192556244140E-01   8.5150909393427927E-03
   4.3305939664224535E-02  -9.9749764457651828E-01   5.5884207555413620E-02   3.6940978304460072E-02
   5.7179520911334584E-01  -2.3582574598362109E-01  -7.8577124938896414E-01   1.2691556737439431E-02
  -7.7664279880408360E-01  -5.8402501319087356E-01   2.3609478400244183E-01   5.0186538630024566E-02
   4.7779333990675958E-01  -1.1274743246812293E-01  -8.7120694488312580E-01   4.2481692070399290E-02
   2.1316849627480167E-01  -9.7281095509721247E-01   9.0543016510325653E-02   3.9062123809817549E-02
   3.7682262650623989E-01  -9.1882208004442773E-01   1.1734859767278871E-01   4.1682607014724286E-03
   4.0817020957560430E-01  -5.5439135398479857E-01  -7.2529118748397110E-01   1.5914039163561096E-02
  -9.3084539300351014E-01  -3.1352222852272837E-01   1.8769833922089695E-01   4.5751339809306275E-02
   7.4562198255967162E-01  -5.0463912173569838E-01   4.3518641515746772E-01  -9.8458678037937001E-03
  -2.7866259145277005E-01  -9.5861073124793190E-01  -5.8417686201455527E-02  -2.3458047161152384E-02
  -9.7164945362163717E-01   1.4473128177446432E-01   1.8694971343303699E-01   1.4104361503368567E-02
  -2.0117915991004524E-01  -8.6841162261698343E-01   4.5319774858402190E-01   2.1689888778470116E-02
   7.0538281699070628E-01   6.1822787834715349E-01   3.4674107332220218E-01   1.4406752136953819E-02
   9.3229196637331916E-01   2.3226763330747477E-01  -2.7727862512915497E-01   1.4479814580700121E-02
   4.8135103001582537E-01   5.0274562779174845E-01   7.1801672657326349E-01   1.4490332880156846E-02
  -2.8470680287205167E-01   6.1782918954189582E-01  -7.3295915912714999E-01   3.7656798465615515E-02
  -9.1326245207267966E-01  -5.5611807332573635E-02  -4.0355795187234440E-01   5.4579580424320850E-02
   1.7127343996214152E-01   9.8521903936849621E-01   2.9754376740524360E-03   5.1761197500672917E-02
  -6.1526193648972613E-01  -2.2444900097398212E-01   7.5569530597238294E-01   1.5461219210374834E-02
   7.6285384336113413E-02   7.4978008780488316E-01   6.5727495012969505E-01   3.0810006873957722E-02
  -3.2619535159455272E-01  -8.8491564533735420E-01  -3.3244682768117996E-01  -3.7848693332898553E-02
  -9.9070647528544029E-01   1.3539808440374128E-01   1.2962969077217638E-02   3.4719252869758006E-02
   8.0845596915403614E-01  -5.4947170578348600E-01  -2.1090232450732830E-01   6.9189469935315788E-02
   9.9414528754193742E-01   1.0776413560564017E-01  -7.8764417935847497E-03   1.4065341025258342E-02
   4.0552794021342579E-01   1.9937964262497985E-01  -8.9207334217147842E-01   4.5476694756120581E-02
  -8.4707610613027632E-01   4.1954662699812388E-01  -3.2625557190286551E-01   1.9465249327934042E-02
   3.7050762439539459E-01  -8.5681547048543862E-01  -3.5859636055277728E-01   7.4865968042248844E-02
  -5.0477465290649590E-02   8.3344377679909040E-01   5.5029400906488090E-01   3.3122285372147937E-02
   4.5180712791468859E-01  -6.7097366010213379E-01   5.8793253576803046E-01   4.9618635387488065E-02
  -4.3530353438509692E-01   6.3378037626948664E-01  -6.3940070973338052E-01   3.4119469148761014E-02
   9.8004000244996696E-01   8.6786174585773405E-02  -1.7885679606499818E-01   2.2508379904859046E-02
  -7.8225117268434987E-01  -3.7599387641004531E-01  -4.9670082316834047E-01   4.2695122915056806E-02
   4.7322476127673160E-02  -3.4811488135570503E-01  -9.3625670231611639E-01   2.4310636633583628E-02
  -5.9392338697673210E-01   8.0380222645687400E-01  -3.4014572539710345E-02   1.1897886942049549E-02
   2.8288673324870746E-01  -9.3288617629439780E-01  -2.2293155503582799E-01   1.0901529404634069E-02
  -7.1767606865330204E-01   4.9306882651953900E-01   4.9175623310435598E-01   4.2380239643854480E-02
   1.5700148990713291E-01  -1.2283498186363577E-01   9.7992964002396654E-01   2.3277276422712658E-02
   5.5752438730644531E-01   3.2799489235087389E-01   7.6261779952366151E-01   1.4320405827257949E-02
  -2.3571447191147893E-01  -5.5291240368779712E-01   7.9920370468340227E-01   2.9242732251064182E-02
   8.9645416935787238E-01   3.9152857001866575E-01  -2.0754590118820877E-01   2.5718373916660448E-02
   5.3555652644089004E-01  -7.8221630744780323E-01  -3.1830308724436235E-01   1.1090003104341490E-02
  -3.1489884761234105E-01   9.1519100158641677E-01  -2.5152364975817080E-01   5.8652286472028576E-02
   4.7944539113204749E-01   8.5828454595780971E-01   1.8297473894566525E-01   2.7835883491258615E-02
  -6.9283242567084046E-01   6.8156725471030767E-01   2.3547676582990941E-01   2.1937645638205096E-02
  -2.1011256618912450E-01  -4.8913492699520917E-01  -8.4652213953493991E-01   4.8124198550543217E-02
  -9.3902473663210894E-01  -3.4370515366354839E-01   9.9655074188456111E-03   2.5568007546772943E-02
  -4.2110862979322725E-01  -9.0668807825105819E-01   2.4171277812183080E-02   6.2066468837828789E-02
  -7.0152375838643337E-01  -9.4730402409413390E-02  -7.0632185813460681E-01   3.0382756446675092E-02
  -5.9979785179667306E-02  -2.0784950594627540E-01  -9.7632013614781616E-01   6.0408176366628563E-02
  -6.5323707378818447E-01  -6.7929387419639697E-01   3.3442661064559375E-01   2.6797586777390089E-02
  -8.5559178445933650E-01   2.4849746644680479E-01   4.5410539254143138E-01   3.5233439271776254E-02
  -3.2787521768396836E-01  -7.8064043126395779E-01   5.3206988141099689E-01   1.6980979231009905E-02
   9.5753337242668408E-01   2.7380114233348527E-01   9.0348077710926766E-02   1.7760752074448333E-02
   2.7031021940237778E-01  -3.9095918888532125E-01   8.7982003723077930E-01   2.1615807560997430E-02
   7.4549526179500711E-02   3.5207687501635733E-01   9.3299745027793523E-01   3.5766090327330357E-02
  -9.7825693040174659E-01   1.2953695694208393E-01  -1.6196775885075767E-01   4.0233011889469523E-02
  -3.1121696473791193E-01  -3.2610294617506339E-01  -8.9263703113598467E-01   5.9109272988278105E-02
  -2.1730074199411135E-01   4.2284815685728869E-01   8.7976123111398951E-01   3.7646815858529492E-02
  -1.9679618140858252E-01   1.4137655228818251E-01  -9.7019788365369414E-01   2.4767141496826661E-02
  -8.0230417975492844E-01  -3.6823498746284522E-01   4.6979889011789879E-01   4.1373884513221481E-02
  -8.1732450972134742E-01   5.7471596494412571E-01  -4.1014697939902236E-02   1.7436665137626324E-02
   9.6992582163157532E-01  -8.3684160106544815E-02  -2.2856259947676429E-01   1.5655578086790560E-02
   7.4034068731686177E-01  -5.5825159709116114E-01  -3.7450076241359600E-01   2.4574496304633912E-03
   7.2344190183494960E-01   6.6931128422030745E-01   1.6927557261694312E-01   3.7947089157918654E-02
   2.5639005749633927E-01  -8.6814739488846921E-01   4.2495204337123553E-01   2.2141867905410275E-02
   9.9183123111072610E-01  -4.2711993063934574E-02   1.2019357154976280E-01   2.5621144595608340E-02
   3.0757107193003814E-01   8.3915779062984636E-01   4.4856910073816074E-01   3.7877884151206706E-02
   7.0384996901148353E-02  -6.1946789395433219E-01  -7.8186026921119955E-01   3.2596798286154902E-02
  -4.8106224040557101E-01  -3.2944172045328912E-01   8.1243293488185805E-01   2.2989617162824975E-02
  -7.3385331762803085E-01   5.4999890088972627E-01  -3.9869852925039172E-01   4.3869996986831898E-02
  -8.8060574468481789E-01   4.1955608397681203E-01   2.2024126503936467E-01   2.4200064867799468E-02
  -1.6045865835864598E-01   8.3467270576777625E-01  -5.2685338871838229E-01   4.9332765919875507E-02
   9.5348149336177439E-01  -1.5865327865885793E-01   2.5632436284402464E-01   5.3798576631486456E-02
   5.6097663331949565E-01  -3.7497460895627177E-01   7.3803743774121324E-01   3.4494066449141929E-02
   6.0173271098862333E-01   7.5173932354035430E-01   2.6982537680761673E-01   3.5286355148957824E-02
  -2.3538238482381346E-01   3.1110109168716206E-01  -9.2076666081353657E-01   3.0615260454955350E-02
   6.2692130579740998E-01   4.4055717210548808E-01   6.4255665465675910E-01   5.0277670014682698E-02
   9.1368189901882050E-01  -1.0151390877717179E-01  -3.9354836263176311E-01   1.6388614343459400E-02
   6.4733631018946251E-01  -7.6190296131584904E-01   2.1437794859359500E-02   2.4745610840416674E-02
  -5.3731513093979881E-01  -7.9717499491774503E-01   2.7532612941934915E-01   5.7099097920032253E-02
  -8.7174511086076691E-01  -4.7231936927434254E-01   1.3028766287963140E-01   9.3873684101984107E-03
   8.9155946818860609E-01   9.5618438111790755E-02   4.4269496154385050E-01   2.3713996325162813E-02
  -4.0783594977572228E-01   8.2454596451338240E-01   3.9216551413303868E-01   1.8082029111836934E-02
   1.1912628477102840E-02  -7.5190082464419436E-01   6.5916859693264138E-01   1.8031095891607334E-02
  -8.4429143866809823E-02   7.0659632197923603E-01   7.0256199543622717E-01   1.9755933154585939E-02
  -7.7584683288408964E-01   5.4735968077774677E-01   3.1378188565086171E-01   3.7586462511191345E-02
   8.5387892557346809E-01   2.7906155616790111E-01   4.3933521180375372E-01   2.8196763271722286E-02
   9.3042813027633961E-01  -3.6615623205179725E-01   1.5267878703508463E-02   6.0188257696749731E-02
   8.9613375628692200E-01   4.2436504868756523E-01   1.2984065732848071E-01   5.6243190117685584E-02
  -2.9164469975513434E-01  -6.7141388405809365E-01   6.8128317563166227E-01   1.8437358836021346E-02
   7.3962746398634662E-01  -6.6612839855856247E-01  -9.6042548648662453E-02  -5.2056908625275228E-04
   7.1263792111504287E-01   7.6595399954900376E-02   6.9733803717750753E-01   2.3478730477210798E-02
  -3.0602277844480347E-01   9.4558937735243873E-01   1.1050243667516967E-01   1.8767483178798334E-02
  -7.8447563064046246E-01  -4.9176442440955732E-01  -3.7784353351140680E-01  -3.1450140073835091E-02
  -4.3881415762113569E-01   7.4872983048603956E-01  -4.9683576361972923E-01   4.7495505607631365E-02
  -4.9196734336993745E-01   4.7476758439363111E-01   7.2976974030618890E-01   3.8907287713776344E-02
  -1.8532269982789784E-01  -7.3717609260305918E-01  -6.4978989329088889E-01   5.8502368632321095E-02
   8.9063807992392778E-01   3.5810892165521184E-01   2.8021743489718925E-01   1.2361942868512141E-03
   4.4646563014325870E-01  -7.5707977865968878E-01  -4.7696818535975697E-01  -8.8952208820302995E-03
   6.6919651421415071E-01  -4.3222948600013078E-01   6.0444494935080141E-01   4.0325378844712069E-02
   2.7918913781062322E-01   8.6944983093854073E-01  -4.0756645692390289E-01   2.3124153918781162E-02
   4.6961845358421623E-01   4.5568705546369434E-02   8.8169269086683357E-01   3.1199942724619251E-02
  -8.9641928162579169E-01   4.4179607847132027E-01   3.5336901064783523E-02   3.4538407249475238E-02
  -4.5500420512462600E-01   8.7920357492159411E-01  -1.4132320108176219E-01   2.4788291707304583E-02
   9.7909558226566453E-01   1.2471764818173649E-01   1.6067778010626090E-01   3.9645150529712772E-02
  -8.6218096659600735E-01  -2.1683775064765007E-01  -4.5784863299309046E-01   2.6767339406778307E-03
  -8.9192869620447901E-01   4.2824428599186976E-01  -1.4515520108591298E-01   3.4008036549795725E-02
  -9.3721440928207044E-01  -1.9709038785293239E-01  -2.8772300924681095E-01   7.4807589983304749E-03
