   0.0000000000000000E+00   0.0000000000000000E+00   1.0000000000000000E+00   1.7815311466229672E-02
   6.3393230754519933E-01   0.0000000000000000E+00   7.7338853718581770E-01   1.3207165998531420E-02
  -7.1485608739676367E-02   9.8376211742750356E-01   1.6462655939329053E-01   2.1135182836199679E-02
   1.2062168372922559E-01  -9.2491460662052542E-01  -3.6053207884226559E-01   1.4955374668614513E-02
   1.3105319383230065E-01   9.3640397695126615E-01   3.2553441037193890E-01   1.7362032929667208E-02
   4.1358894081872890E-01   6.8667519436892421E-01  -5.9784727604200238E-01   1.7985694046676861E-02
  -3.6494556766764025E-01  -9.2991474419720603E-01  -4.5533516934109323E-02   1.3875864593164903E-02
  -9.9780951272740541E-01  -2.5063159418762479E-02  -6.1221028663748704E-02   3.1771672558035368E-02
   4.8163075626254636E-01   8.7367675103406234E-01   6.8707709352973047E-02   2.2116673783293712E-02
   4.1140686103284673E-01   5.4029898886090164E-01   7.3404454723878123E-01   1.0140023095644274E-02
   7.1555779624988646E-01  -6.4397171809701161E-01  -2.7069810955599415E-01   9.8285301601564540E-03
   5.3417211113314397E-01  -6.2389179349556167E-01  -5.7045524425361477E-01   3.1404897962459439E-02
   5.1615459017259794E-01   8.3077221215407419E-01  -2.0833139599297871E-01   2.2189822403346441E-02
   9.4088229159198792E-01   1.4001157840986473E-01   3.0844330318518431E-01   2.4545184556776020E-02
  -4.0602722473016585E-01   8.4610561434666351E-01   3.4532185298497184E-01   3.0330494046941622E-02
   2.1012181622954764E-01  -9.7285384563710533E-01  -9.6975344152477180E-02   1.6922809108870254E-02
   4.2730850979918066E-01  -5.9239742679802995E-01  -6.8298808640874266E-01   1.1869226374630286E-02
   1.8970758904667103E-01   9.8092826807633670E-01   4.2317414226981728E-02   2.8841890450221793E-02
  -2.5946602509752896E-01  -8.4061684625210091E-01  -4.7543737717733156E-01   2.4692608349262541E-02
   7.5077793684611959E-01   5.3442526837117521E-01  -3.8822947089508961E-01   1.1699123936344204E-02
   7.2671122971245205E-01   2.7258150601126200E-01  -6.3054746941879642E-01   6.2188866346093112E-03
   4.3527132719936325E-01  -8.9062952801086794E-01   1.3159755147130787E-01   1.9127063833275208E-02
  -2.1905556569174491E-01   5.1440876979021501E-01  -8.2909485386316763E-01   9.0200367330520734E-03
   8.6798650567253936E-01  -8.3333063909259710E-02  -4.8954573476833624E-01   3.2322172353526510E-02
  -9.5580283554112916E-01  -2.9386976493991951E-01  -9.0277807734569748E-03   2.5799972166358129E-02
  -5.9893083913091551E-01  -7.8909680202047933E-01  -1.3641146205136134E-01   1.9147828948802219E-02
   3.7882555896868392E-01   8.9675430056146314E-01  -2.2874203876110130E-01   1.8714610091172454E-02
   3.4465247426185028E-01   6.6496526103431445E-01   6.6259782191216931E-01   2.0836779404955025E-02
  -2.7810410551120634E-01   9.6028523386399093E-01  -2.2591505496357822E-02   2.0084662489486109E-02
  -2.0622412578813160E-01  -2.6334469016316002E-01  -9.4240181669274711E-01   1.9176162870686283E-02
   1.2069010400115551E-01   7.7406424775372020E-01  -6.2149693414019138E-01   1.4587546455497304E-02
   2.3355436216048977E-01   9.4131829283507606E-01  -2.4366417769106836E-01   2.9648393211065213E-02
  -7.6849527971951827E-01  -5.9184395160242084E-01  -2.4317841598392471E-01   2.1498551277316590E-02
   2.7306894091167448E-01  -7.7552507451612582E-01   5.6920489483676615E-01   1.6836422120089517E-02
  -8.6529964493784596E-01  -3.0837597263994798E-01   3.9517184106259861E-01   4.4246364634063963E-02
  -8.3450812988681271E-01   1.3111661189099723E-01   5.3516783838253942E-01   3.3749897201237959E-02
   1.5650756198560067E-01   6.3152034459141965E-02   9.8565572264609446E-01   1.1129931869575135E-02
   7.2867785416125059E-01   6.2656043895739994E-01   2.7649701840791247E-01   2.2470632501420038E-02
   1.0475512063877725E-01  -9.3338669033920691E-01   3.4324284551549859E-01   1.9788808101451497E-02
   4.2484671506087714E-01   7.2318669447778631E-01   5.4452389629131516E-01   1.0163705007208942E-02
  -6.7648817656942181E-01   2.1949240705016839E-01  -7.0298423183532499E-01   1.0420490196518699E-02
  -6.3198297157961338E-02  -8.3990372714528209E-01   5.3904332327169903E-01   2.9182824370151031E-02
  -8.3446848319543125E-01  -4.3708973660224401E-01   3.3558145465817568E-01   1.6165229892727113E-03
   9.0168039341999968E-01   1.5881090097127854E-01  -4.0218349774032891E-01   3.0585709659803699E-02
  -4.7017938010498872E-01   3.8860270320899283E-01  -7.9241358493071780E-01   7.0575137922917301E-03
   2.6734533658608676E-01  -6.3425606532090670E-02   9.6151113537062506E-01   2.1576537351963946E-02
  -4.6674452647477524E-01   8.6293144833507184E-01   1.9364623022453351E-01   1.3152795854954615E-02
   5.0546268505278444E-01   7.2764288651933339E-01  -4.6372761802273760E-01   1.8607266459332411E-02
  -1.7309161714610565E-01   9.4420296159589174E-01   2.8021430974754482E-01   3.1125193400995105E-02
  -4.3011670770056609E-01  -8.6756166182515208E-01   2.4967254692498017E-01   2.8386588884494026E-02
   3.2851754938285182E-01  -4.0272735534201844E-01  -8.5433418344738445E-01   1.2713551089548777E-02
  -9.1211820158941812E-01  -3.9926324272518911E-01   9.2893752953858079E-02   1.1276781449348465E-02
  -1.8402930595860294E-01  -1.1809080010199020E-01  -9.7580109524414186E-01   3.4763945669161944E-02
   9.3816459853558598E-01   3.2592480684652702E-01   1.1670563969498921E-01   2.6227914874039854E-02
  -6.1321212590854798E-01  -5.9187471863512239E-01  -5.2312064199313867E-01   2.7817355600530908E-02
   7.7588967848835155E-01  -5.1721551235186380E-01   3.6122475081013138E-01   3.5427608499212595E-02
   8.5560443798304071E-01   3.0406354183881303E-01  -4.1891097888234156E-01  -3.1148660682158468E-03
  -3.7526109556538771E-01   5.1804205142964949E-01  -7.6864266281909259E-01   3.6272722826369272E-02
   8.2534850109818460E-01  -5.2652568083505464E-01   2.0388859496343130E-01   2.4597191741686077E-02
  -1.6724620164425372E-01  -5.5200383789629201E-01   8.1689685455590641E-01   7.6284194999206729E-03
  -8.0670204707139703E-01  -3.6741184477583219E-01  -4.6286104131719403E-01   1.7243935865849366E-02
  -6.2587299326919811E-01  -3.6652340839842443E-01   6.8843560874801941E-01  -5.9094274074585229E-04
   4.6258543638365265E-01  -1.5437761574988087E-01  -8.7303050679866149E-01   2.0733378745228838E-02
   3.2658406763331617E-01  -9.4501659060294045E-01   1.6926022960872004E-02   3.7347673574808593E-02
  -7.1851890553658730E-01   6.8927887777232061E-01   9.2872014317742603E-02   1.6479944556520333E-02
   7.8929170336263858E-01  -1.7757524656524461E-01  -5.8778026405298531E-01   8.8415765028915025E-03
  -8.1102815564516053E-01   4.8104538036843154E-01   3.3290940626092284E-01   1.2913755605942913E-02
   3.1912994034681747E-01   4.6318740144973782E-01   8.2680923574454361E-01   2.2769440946316383E-02
  -9.0026557238402009E-01   4.3294822458324775E-01   4.5582167678670373E-02   3.9725669021843712E-02
   1.9637986624196502E-01   8.6696749240488308E-01   4.5804182696340847E-01   1.3821219615021174E-02
   6.5533407523201860E-01  -7.3334264607893153E-01   1.8095804287664631E-01   2.3822939084464356E-02
   8.7709487899014657E-01  -7.6052555115686519E-02   4.7425792783003171E-01   2.6536804523362009E-02
  -6.3281925272103691E-02   6.3899188654934846E-01   7.6660600497123709E-01   1.0900206315358655E-02
  -3.4197272968409060E-01   7.9954236301813725E-01   4.9374756899835468E-01   1.6573168697366140E-02
   7.0779340824716872E-01   6.4606108495924461E-01  -2.8571588290317437E-01   2.7173307111492652E-02
   7.5087051654953693E-01   4.5361785887650256E-01   4.8002531754578203E-01   2.1355067995569583E-02
   8.6047258915814328E-01  -2.3968477112053827E-01   4.4959774665847298E-01   1.5588121652494091E-02
  -6.1669554907791095E-01   6.7980178448800288E-01   3.9693341199050124E-01   2.8717680020401544E-02
  -4.1368042859559857E-01  -4.7442179451047952E-01   7.7704083798113092E-01   4.1194459537911018E-03
  -7.4089949421458278E-01   4.5629215514722538E-01  -4.9281376667426393E-01   4.2737051168986432E-02
  -6.9923453889336997E-01  -9.6278691821688511E-02   7.0837946971921805E-01  -2.6486653516004317E-03
   8.6862808896202210E-01  -4.2962035523509856E-01  -2.4680274194962534E-01   1.9272410648173162E-02
   6.4746406396325584E-01   7.4100452367946996E-01  -1.7805218831215386E-01   2.3695201693171465E-02
   9.9728518357715323E-01   6.3000807523675224E-02   3.8120347176392940E-02   2.2933735881927321E-02
   1.1924680838443222E-01  -9.6828564805659560E-02   9.8813178661947844E-01   3.3562951843486494E-02
  -4.7206933345136539E-01   2.0893660808054059E-01   8.5644383249491742E-01   3.4222448291938198E-02
  -9.5953908469577147E-01  -2.4379921254554712E-01   1.4087827690375962E-01   2.9914711861041007E-02
   2.0881870346124484E-01  -1.8576289669562333E-01  -9.6014941300612992E-01   1.3093752634640911E-02
   8.4739209703235474E-02   9.7902614801723473E-01   1.8527565365532192E-01   3.0938334512098735E-02
   6.3420629415424425E-01   6.4611412747422756E-01  -4.2463974229146028E-01   2.5766191354674483E-02
   3.5447567958100334E-01   4.8890385368568756E-01  -7.9706964214983733E-01   2.2800625765892754E-02
  -1.5256077248041761E-01   7.1317886510037551E-01  -6.8417915568535025E-01   1.0325236074244636E-02
  -7.6223287032360698E-01   6.1402191807065511E-01  -2.0488566452309204E-01   8.3741931312965647E-03
  -7.8078684620200426E-01   2.7007679210497310E-01   5.6340964418814749E-01   2.8754672725828616E-02
   9.7259321379767307E-01  -2.2702428276118844E-02  -2.3140233409601043E-01   3.3916006664055688E-02
   4.6847558035421252E-01   4.0273884615208181E-01   7.8634092632386467E-01   3.0238219254253766E-02
   1.0861556159928529E-01   4.5285975875988331E-01  -8.8494107073545418E-01   2.8858707625700006E-02
  -3.6523195840019182E-01  -4.2588129605163569E-01  -8.2778665019227002E-01   2.3010085594635776E-02
  -6.9062892568617337E-03  -5.1784860848249589E-01   8.5544440021631036E-01   2.7775285074824234E-02
  -2.7366336103046338E-01   2.7787525608668945E-01  -9.2081143937522131E-01   1.0866571227420782E-02
  -6.6378301528094576E-01  -6.9918669350345776E-01  -2.6557499176736802E-01   2.1352559743327272E-02
   6.0643604014660956E-03  -8.8806746231904689E-01  -4.5967315116627069E-01   2.1359820693604074E-02
   2.1995712883547340E-01   3.7249213595187393E-01   9.0159218615095895E-01   2.6386619363749410E-02
   6.6049946274650137E-01  -4.0261678173776820E-01   6.3375088700111916E-01   2.9276827992365106E-02
  -3.5487147738816062E-02   2.7855623818619603E-01   9.5976407752786769E-01   1.8145843356588581E-02
   9.1012529670932273E-01  -3.8700356758483662E-01   1.4798710405429291E-01   3.2853442236762524E-02
  -4.9411012514707692E-01   1.1341526947509439E-01  -8.6196993037868292E-01   1.0919045255115005E-02
   4.9287214463603863E-01  -8.0762048813927123E-01  -3.2376873873114595E-01   1.4849224876556772E-02
  -3.3062000085398963E-01   8.1051724146162165E-01  -4.8347928221253830E-01   8.6242241355501150E-03
   9.7677615747575714E-01   2.1413786646622487E-01   7.3015294417007998E-03   8.0297455531788965E-03
  -9.8979767580314383E-01  -1.3666189651021345E-01   4.0299962989144413E-02   7.2879893121207546E-03
  -5.4795862680955238E-01   6.1018907054172908E-01  -5.7219807889961522E-01   4.2062891340760604E-02
  -5.4746998997736762E-01   8.2765226824944768E-01  -1.2356509594430633E-01   4.2338561494591013E-02
   8.7990197127636911E-01  -4.6605672304922745E-01  -9.2540001321457072E-02   3.7125767253836907E-02
   9.3444330769424723E-01  -3.5610627204261042E-01   2.0069173746159703E-03   2.2064675369578932E-02
   3.8348867868729939E-02   1.4571089256763731E-01   9.8858368392378856E-01   3.7762486631757683E-02
  -5.9905587796780892E-01   3.6824048556214412E-01  -7.1100703221921364E-01   3.8408481972204535E-02
   2.6375752412998876E-01   2.2431244814767907E-01   9.3814492167831566E-01   2.3734604398210343E-02
  -9.6131463259249514E-01   2.4226840858442875E-01  -1.3107324427786326E-01   3.9001729053869041E-02
   5.1908259626620480E-01  -7.1854765977680497E-01  -4.6286339116721366E-01   8.2974463740211543E-03
   2.8999656264427331E-01   9.5175496405198405E-01  -1.0032189221158289E-01   1.5927948639693090E-02
   6.4736506359591405E-01   1.8900561132130295E-01  -7.3837345112383259E-01   2.5721050865881731E-02
  -1.3152401831431370E-03   5.2299990134898068E-01   8.5233172728241033E-01   2.8574620496389822E-02
   8.4002052372499527E-01  -3.7564947628299165E-01  -3.9147540240620347E-01   9.5236676271035438E-03
   7.2772550065364169E-01   8.5088921451211501E-02   6.8056996050712967E-01   2.2663855195686450E-02
   6.1258292045262008E-01  -7.1444479816613277E-01   3.3809879612783708E-01   3.9092548617385954E-02
  -8.8361722607156387E-01  -1.5505050871043448E-01   4.4179173547977370E-01   3.1144256897986064E-02
   9.1298771258453310E-01  -2.8058616414681324E-01  -2.9618379624658697E-01   3.7553600737563344E-02
  -1.9409368041923119E-01   8.0176434820147761E-01  -5.6524470203123255E-01   2.1370964797766749E-02
   8.6013291553441604E-01   5.0235914679256188E-01  -8.8355278552639049E-02   2.9598208795087060E-02
  -9.7556324591488579E-01   1.7479794000553305E-01   1.3312412775238784E-01   3.9276939968402055E-02
  -6.1777771401436121E-01   9.0987856662750843E-02  -7.8107099933815806E-01   4.0562843920935076E-02
   6.9367250025560966E-01   7.1971505728817426E-01  -2.8787127362959692E-02   3.0753502223962061E-02
   1.5094362484303354E-01   3.0467135122071233E-01  -9.4042085784216364E-01   2.4181417599732206E-02
   5.8211585439717499E-01   7.4682590204432131E-01  -3.2154658153233861E-01   1.7187472249743997E-02
   9.8191677273981383E-01   2.8565858517350562E-02   1.8714551327615478E-01   1.4550003296867202E-02
  -7.8268060606741540E-01   1.9186361456066469E-01  -5.9211436589028991E-01   3.9217992999025529E-02
  -6.0766480447440223E-01  -2.2534734183208211E-01   7.6155240196082463E-01   3.4527835243175646E-02
  -8.2083609786125499E-01   4.2819694093567246E-02  -5.6955647151589925E-01   1.6958050763725609E-02
   7.6193231794374423E-01   6.3363492144995685E-01  -1.3403704410341255E-01   1.0150628978406850E-02
  -7.7633976242190092E-01   1.9488085337107571E-02   6.3001332351990777E-01   2.8671416899644510E-02
   9.9504464932369920E-01  -5.6209977881279833E-02  -8.2015756040304275E-02   1.8085962015203556E-03
  -8.7867097678152852E-01  -3.5932814781034871E-01  -3.1435743470288493E-01   2.0374264295654089E-02
  -2.1396006283419866E-01   1.4609090967225244E-01  -9.6585637525623830E-01   3.1491435017486737E-02
   2.0458929398632155E-01  -2.3260634207097421E-02  -9.7857149134974399E-01   1.9920466063984287E-02
   6.0397223057352755E-01   3.2892168762949083E-01   7.2596698830112469E-01   1.5220020395204936E-02
  -2.1522408450630132E-02  -9.5177015865072220E-01  -3.0605612399764718E-01   2.8671054799459273E-02
   9.6272017160574314E-01  -2.4415996061624625E-01   1.1642931252601986E-01   7.3551749951917884E-03
  -3.6585569900998455E-01  -7.6255938748646556E-01  -5.3352861971798866E-01   2.0989823745170603E-02
   9.2155646730581057E-01  -2.7617824458069870E-01   2.7287223161611366E-01   3.2326364253579793E-02
  -9.2874081607731611E-01  -3.3471190787176254E-01  -1.5940023613811183E-01   1.8199272994176178E-02
   4.2555394647490825E-01   1.6932086200657110E-01  -8.8895122719358603E-01   2.3533066876108645E-02
   1.9650536305237132E-01  -3.5082963101701585E-01   9.1558954356857977E-01   3.1139354338401838E-02
  -3.2782961893597004E-01  -7.0194797038922649E-01   6.3229485828586522E-01   2.1744739049478578E-02
   2.6976595418236866E-02   7.3426049545033489E-01   6.7833162105320541E-01   3.4691333640752586E-02
   7.4901894910797555E-01  -4.6062458027872583E-01  -4.7623062681880483E-01   2.1617048272022496E-02
  -4.4250739020178837E-01  -7.9451588035903135E-01  -4.1585060475381743E-01   2.4853551468597561E-02
  -3.3463970986588260E-01   8.8026821892400395E-01  -3.3636903444467023E-01   1.4980669152060377E-02
   7.9145619252939249E-01   3.1096386109411033E-01   5.2621152819025169E-01   1.2982272755392934E-02
   6.7118729055320116E-01  -6.0297729374679329E-01   4.3119137772646398E-01   2.4795526351055086E-02
   9.7697994019160177E-01  -2.0988970200625085E-01  -3.8164243146449368E-02   3.3390197261167422E-02
  -1.0462337655634579E-02   9.9511692695505420E-01  -9.8147038561073518E-02   2.3892066474022337E-02
   9.1625808441261114E-02  -9.7480557455965239E-01  -2.0336863827766387E-01   1.6880360539674176E-02
  -5.1079395627521284E-01  -8.5965348556497236E-01  -9.2422393774379809E-03   2.9563520209262822E-02
   2.7055122847569217E-01   7.3933289713055021E-01  -6.1659459938507481E-01   2.6319480354211268E-02
  -7.6049375770265097E-01  -6.2352654578436847E-01   1.8128400700976182E-01   1.1945878966993646E-02
  -1.2156815014759065E-01   9.9242971477560892E-01   1.7448383882074088E-02   3.2330502979805753E-02
  -5.5640152395372188E-01  -7.8069931624358135E-01   2.8447481744221313E-01   2.4300711513676960E-02
   1.4297160811108014E-01  -8.4819837612788333E-01  -5.1001826830825747E-01   3.2011385116036592E-02
  -1.3460382712161578E-01  -9.0609828151563629E-01  -4.0108317586084885E-01   1.8258827286433989E-02
  -3.0247166266034568E-01  -4.5755415417377678E-02   9.5205952295403744E-01  -7.1393213365646897E-06
  -4.1746830248242519E-02   8.2647312014785274E-01   5.6142620515727381E-01   1.2634065499629472E-02
  -8.6947400912171275E-01  -1.0902072396194282E-02   4.9385837269330972E-01  -2.4740744975127944E-03
   2.9513311689878509E-01  -9.4022314156963382E-01   1.6993200806951094E-01   1.3410420774623064E-02
  -7.8183021468720941E-01   5.9041526174742315E-01   2.0037797807611932E-01   3.5033238123626122E-02
  -5.3976930569858199E-02   4.9056503972058731E-01  -8.6973124168917550E-01   1.8465134076866821E-02
  -3.6057791344139862E-01   6.0977338359482589E-01   7.0580449771701259E-01   1.9114133036797236E-02
   5.2206866816516157E-01   2.5913326765674735E-01  -8.1258492190896021E-01   1.0569697704050891E-02
   7.2763566017497947E-01   6.7586982738306975E-01   1.1724471192723875E-01   1.0413752521017598E-02
   4.1405057783393584E-01   7.6252921481338615E-04   9.1025355673272727E-01   1.2639603040610281E-02
  -1.1055750238789043E-01   8.9751842586601586E-01   4.2689309422470209E-01   1.7553541250981439E-02
   7.2419437887611959E-01  -8.3557467377478360E-02   6.8451490213850938E-01   2.8420328738472647E-02
  -9.2158243535852051E-02  -6.1632834290981195E-01  -7.8207814946745042E-01   1.0287527027207870E-02
  -2.2184718599778285E-01  -4.0121514158637934E-01  -8.8871268485753400E-01   1.0286380519109230E-02
   3.3601001002453294E-01  -9.1652324583043505E-02  -9.3738845979766445E-01   2.7351056820474743E-02
  -9.3607979257005737E-01   2.0851756176619344E-01   2.8332851670292576E-01   2.4049688488968432E-02
  -4.2059959855860702E-01   2.6367317788847661E-01  -8.6808549864315232E-01   3.8209204362874164E-02
  -1.1078813725051257E-01   1.2827181594981915E-01   9.8553149613672790E-01   3.7697391456899902E-03
  -5.6534124895639799E-01   7.0187902733913194E-01  -4.3330716958053434E-01   5.2734362196798683E-03
  -8.9627313930274965E-01   1.8034774028099961E-02  -4.4313565269581864E-01   2.6332311136127288E-02
  -5.3534923025354794E-01   6.3017669356000141E-02   8.4227666180173326E-01   1.2018677213049280E-04
  -6.3638418785213444E-01   4.8416519641585731E-01  -6.0049914906798438E-01   3.8408131299383461E-03
  -8.8271373979668457E-01   2.7947740043375897E-01  -3.7776823082538246E-01   4.0560050619484551E-02
  -5.4561696275024642E-01   7.8310330740074380E-01   2.9841471126137925E-01   1.9259107515698079E-02
   5.9081775858812726E-01  -8.0413233621069331E-01  -6.5616781369050647E-02   2.1312152285579482E-02
   6.8551778363668152E-01   3.9452834201225348E-01   6.1189276484275767E-01   3.2714713048665431E-02
  -2.7653188726905746E-01  -4.5039900439783657E-01   8.4892334881357260E-01   3.1848503687347351E-02
  -2.0351450860282715E-01   8.8271278034226821E-01  -4.2355636249331958E-01   3.6679755286063966E-02
  -1.6994129726951266E-01  -9.5310874191722980E-01  -2.5040703177688601E-01   1.9508531470609518E-02
   1.6454502281830432E-01   6.6832221788645007E-01  -7.2544493143522625E-01   2.7283594617287683E-02
  -5.5531268465829199E-01   2.4379488395059039E-01  -7.9510494704606040E-01   1.6615287637768392E-02
   4.9379396107927373E-01   7.6802336686315175E-01   4.0780832746993924E-01   3.7780787182442971E-02
  -5.7041096255085284E-02  -9.8701861427049522E-01  -1.5013516717135155E-01   2.0326878887095873E-02
   2.3482601521270529E-01  -2.0974954464916066E-01   9.4913743530575818E-01   8.4547310256209637E-03
  -6.5880805532446240E-01  -7.3489134242803801E-01   1.6095546298251588E-01   3.4535912500901257E-02
   6.1559403140172381E-02  -4.2392289000282419E-01  -9.0360379769934517E-01   8.5011866269107922E-03
  -1.6365293993629885E-02  -9.6822097419080943E-01   2.4956025783265647E-01   1.7308821440031787E-02
   3.0074988080892142E-01   8.7829673676637174E-01  -3.7167775206348059E-01   1.6326132483058919E-02
   7.5240494644935624E-02  -1.1433404489964731E-01  -9.9058901374004282E-01   3.0966962257487105E-02
   2.9377992096357075E-01   2.4216810587951269E-01  -9.2468803741227620E-01   1.8639837042102683E-02
   5.3234494289276668E-01  -8.1187750163152720E-01   2.3971604894342481E-01   4.5626861687316901E-03
   4.1833754084009378E-01  -7.3316619130039342E-01   5.3615393112233897E-01   3.9985498806822699E-02
  -6.3672524467435200E-01  -7.7099911206304003E-01   1.1888313269353301E-02   1.7679192719088812E-02
  -8.1282028132807830E-01  -5.7484803808302666E-01  -9.4196196174999222E-02   1.6885522896873654E-02
   5.2081667718804380E-01   8.2423962824008256E-01   2.2221391495911166E-01   2.0945552286006599E-02
  -9.8258053563704148E-01   8.7932555969184296E-02  -1.6371730692859229E-01   1.9021980874009402E-02
   8.6451862020532992E-01  -2.3068351189046425E-01  -4.4653406662891317E-01   2.6123727270692009E-02
   7.7899562576458709E-01  -3.2121803263478803E-01  -5.3850235890836684E-01   2.8604591323909890E-02
   5.7397011129758528E-01   4.9261237357729745E-01  -6.5413405410174050E-01   1.6538267738057987E-02
   3.6713593575002017E-01   7.9056637196684960E-01  -4.9011836957629917E-01   2.4562659860028590E-02
  -2.3300788531727700E-01  -7.5536055247296136E-01  -6.1248490687339653E-01   1.3479138204913447E-02
  -9.5773630033211176E-01   2.8712934841395707E-01   1.7260252186320645E-02   1.4964409190229894E-02
   8.6543486267686269E-01  -4.0853871735364464E-01   2.9003209285615021E-01   5.5655281798725901E-03
  -6.1531813260903138E-01  -4.7435665639961435E-01  -6.2957871486567329E-01   1.3354343212084829E-02
  -5.3297269726810156E-01   3.2707031666417591E-01   7.8036216715314967E-01   8.1483224096158259E-03
  -2.2683781371374007E-01   9.6532943323466824E-01   1.2916536532834454E-01   1.2690417990250284E-02
  -2.9156061513732440E-01  -9.3490650835682096E-01   2.0234186006064769E-01   1.3034904599810990E-02
   3.9885357705178465E-01  -8.7202879577530350E-01   2.8369279760274146E-01   3.7464994320573632E-02
  -9.3709138910490068E-01  -4.6998118179666867E-02   3.4590591980048204E-01   3.3438929151630309E-02
  -4.1849619600871097E-01   6.2291422195524042E-01  -6.6093782310602868E-01   4.1474230818235211E-03
   2.6910579212668213E-01   7.7292073600636754E-01   5.7460909190096014E-01   3.5922083734013039E-02
  -6.1918059748063125E-02   9.6946364554519632E-01  -2.3728968338984608E-01   3.0927781004785548E-02
  -7.1784694342470185E-01  -4.8531553782030787E-01  -4.9916389549525526E-01   2.0718258024153759E-02
   2.0937527744839550E-01  -8.6298652873258951E-01   4.5980022229168495E-01   3.2659187590855522E-02
   5.8227450582676993E-01  -2.0958195256803655E-01  -7.8551372045430252E-01   1.8440207780985048E-02
   2.5553526170564366E-01   5.9233216283875513E-01   7.6409707425941020E-01   3.3846909522023800E-02
   9.6945919259745707E-01  -1.2404694687452519E-01   2.1156849685006298E-01   2.3179756862889409E-02
   8.2437939391276362E-01  -3.7571881591335825E-01   4.2336035036442467E-01   2.9170673326828179E-02
  -8.4418930542698618E-01   4.8442648611259713E-01  -2.2951121139348344E-01   4.2872410382812766E-02
  -1.7188279394458603E-01   9.7657488594115822E-01  -1.2945191112848286E-01   1.0716817062605696E-02
   6.8731313210679365E-01  -7.2591034568423360E-01   2.5589616295398061E-02   3.6892818605372204E-03
  -7.9735009495808899E-01  -4.8608163345084012E-01  -3.5771143634512108E-01   2.5193748753506319E-02
  -7.2784313128859938E-01  -3.7203048688957034E-01   5.7605355051480753E-01   3.9621749109382964E-02
  -6.6589538818341420E-01   2.9965364379778836E-01   6.8322106653320355E-01   3.2596088772308959E-02
   5.5432897847596702E-01   1.0060063281258944E-01  -8.2619543468812359E-01   2.8612200034040672E-02
  -3.3150456414389033E-01   2.3541395980255646E-01   9.1361096287306544E-01   3.1902965013351325E-03
  -8.6873246315964163E-01   2.4567934641171613E-01   4.3005298068876811E-01   4.1311803602988490E-03
  -8.0625179357667171E-01   3.1307459221292068E-01  -5.0193858694576736E-01   6.4478187307524557E-03
  -7.5803246812685056E-01  -5.6411830963016464E-01   3.2734891172191344E-01   3.6961768708687463E-02
   6.0959630065010381E-01  -7.1095144305662500E-01  -3.5062857249432850E-01   4.0696522221227491E-02
  -2.3439312407986956E-01  -3.1364552948693278E-01   9.2015560924060029E-01   4.7344569202338968E-03
   8.6062535349082516E-02   9.6588395345120972E-01  -2.4425689033218529E-01   1.1049587060105281E-02
   3.7835625227517168E-02   9.9834712108643195E-01   4.3260736032529907E-02   1.0844654105748663E-02
   5.5053676177001324E-01  -4.9496136497536369E-01  -6.7225182864869372E-01   2.1230697195095551E-02
   8.6298876531954888E-01  -5.0210396576050602E-01   5.6053532447237675E-02   9.1661565741871218E-03
  -1.0546141220943892E-01   6.0909672023084926E-01  -7.8605284551282759E-01   3.4398190951702303E-02
  -9.6839308170580427E-01   6.1156964002172538E-02   2.4181535323128788E-01   9.0819038093005861E-04
   9.3943158555058712E-02   6.2493808557375443E-01   7.7500133687633718E-01   2.4012181360154243E-02
   2.5226476438972382E-02  -9.9423903622670870E-01   1.0417467892659595E-01   2.0774973571808139E-02
   7.2947405979777588E-02   8.6200922824167722E-01  -5.0161615443186180E-01   2.4979105500826808E-02
   8.1735374282839163E-01   2.2225966278113529E-01  -5.3153880515427616E-01   3.9208373374145342E-02
   9.7105981848294042E-01   1.7893892541583864E-01   1.5818877930783738E-01   3.0599270741573514E-02
   6.3643021921380951E-01   7.3913074008713328E-01   2.2055005130289337E-01   3.1352192676045600E-02
   5.2130707569988574E-01  -8.3548151348483798E-02   8.4926947386061417E-01   2.6761878682122670E-02
  -6.4891594931167171E-02  -3.9640450779147538E-02  -9.9710466630605800E-01   1.9574785462528886E-02
   2.9440580653486048E-01  -6.7582007989048342E-01  -6.7571624273461043E-01   2.9876572189448076E-02
   1.5383916560182990E-01  -4.8389156613711730E-01   8.6150012382372906E-01   3.1501784968832704E-02
   6.8751103268719386E-01   4.0787076253196277E-01  -6.0080780704396943E-01   2.0072196451060975E-02
   6.0664703216231510E-02  -9.9699639109799171E-01  -4.8145507799448754E-02   2.9786354749570618E-02
  -3.2237815058016447E-01   9.1588847870775058E-01   2.3920832468564920E-01   1.9127773049231805E-02
  -3.2629463341131463E-01   4.0224053775820394E-01  -8.5541473098782123E-01   2.1120442565980686E-02
   3.1423930081467865E-01  -5.4585785678410374E-01  -7.7671929421803787E-01   2.7335216537657700E-02
   9.9368729110687539E-01  -9.0543785330661599E-02   6.6237379406757046E-02   3.1406612725686668E-02
  -4.9537961996713733E-01  -6.8520907082759485E-01  -5.3393591504673931E-01   1.6043311631955072E-02
   7.9567217974353479E-01  -6.0478157047042682E-01  -3.3838356956213599E-02   1.5361599371964871E-02
  -8.6654410788014271E-01   4.6144424738968039E-01   1.9018547696703675E-01   1.8466714263822392E-02
  -7.9248292896434664E-02   1.0237875692957452E-01  -9.9158373232045100E-01   2.0381363386856103E-02
  -1.1478028760173906E-01  -8.3158618741395766E-01  -5.4340583221049438E-01   2.5900964836509294E-02
  -4.0865866436719100E-01  -1.5160272864403260E-02  -9.1256137446437008E-01   3.8381856398466620E-02
  -3.1539431089188720E-01  -8.8068247343399779E-01   3.5344703937535975E-01   2.4496261161782282E-02
  -2.4999867450684716E-01   3.8742793879285123E-01   8.8735576573747589E-01   2.3386186462942730E-02
  -8.5436319151879285E-01  -1.1282409695389981E-01  -5.0728124361576742E-01   1.6160671716682974E-02
  -8.3803809580550154E-01  -5.4295752299167263E-01   5.3752006524745326E-02   2.6765567216814623E-02
  -2.3367678058126726E-01  -6.4972818406892596E-01  -7.2335914250368746E-01   2.3076170489140510E-02
  -5.6411960032625794E-01   7.7659258735161431E-01  -2.8048712946990672E-01   1.1923084340849601E-02
   4.0515865302064577E-01  -5.3331042991127208E-01   7.4258093917791221E-01   3.4156414194052202E-02
  -5.9571792713866820E-01   7.9128390888738895E-01   1.3780394341782349E-01   3.5595351867088891E-02
  -1.9532750783008935E-01  -6.7579001629024286E-01   7.1074258249194528E-01   1.8862300933936513E-02
  -1.2832981524603415E-01   7.4058859692387883E-01   6.5959077360530091E-01   1.9696240639128090E-02
   6.2793653189474172E-01   1.6979543272041428E-01   7.5951644020343049E-01   2.5228186979516684E-02
  -3.1013928652533726E-01   9.3246401581461277E-01  -1.8526867561582083E-01   3.9559242607030586E-02
  -5.3713697205200015E-01  -4.9142845054315191E-01   6.8555229651104347E-01   3.6765723169785560E-02
   8.1109793213287613E-01   2.7170494470634718E-03   5.8490406233165668E-01   1.6041267775247840E-02
   7.9697666109446672E-01   5.0376213541193592E-01   3.3324452372983097E-01   8.2567660906387843E-03
  -5.7904862149646820E-01  -8.1820987987924453E-02   8.1117693499489966E-01   3.2246091093231834E-02
   2.9483735942123576E-01   8.4439264000932290E-02   9.5180929927401631E-01   2.8929111756855938E-02
   6.0785195425650666E-01   7.8991839880057952E-01   8.0900710397834565E-02   1.9440035376720940E-02
   2.7574493476498753E-01  -7.8890775216654374E-01  -5.4917145730908494E-01   9.0206529552401857E-03
  -3.9809998990314676E-01   8.2373104354555373E-02   9.1363618017135692E-01   3.1162264737270080E-02
   6.6986789643328981E-01  -6.0498058093728692E-01  -4.3043640414911719E-01   1.5246668486278640E-02
  -2.3068857179008821E-01  -5.3087845050720989E-01  -8.1544518738693483E-01   3.3281089845117710E-02
  -1.8644808483061201E-01   2.6098147651112619E-01   9.4716724002737215E-01   3.6319567497335509E-02
   9.1929134034117012E-01   2.8467321346875532E-01   2.7178041339858811E-01   1.0223653658762972E-02
  -5.5391929210048465E-01  -6.1310321650337904E-01   5.6327423494431974E-01   2.1605265220391016E-02
  -5.4822308843899074E-02  -2.0283247897549330E-01  -9.7767760531050331E-01   8.9707197557652005E-03
  -7.1115922734116985E-01   3.4366289546692647E-01  -6.1330935721444728E-01   2.0477833729891017E-02
   5.5147414753671135E-01  -6.7512866840949401E-01   4.8997708690333778E-01   2.2991193595269709E-03
  -3.7709123075923445E-01   9.2219006175442892E-01   8.5835270640036895E-02   3.4880333711793070E-02
  -8.0267206664679928E-01   3.8731593775543862E-01   4.5354593789999002E-01   2.8596258417422784E-02
   2.1188749416158723E-01   5.4401061317448542E-01  -8.1188431600286730E-01   2.3338436282111496E-02
   1.9140452804243990E-01  -4.8928978839428030E-01  -8.5085827822142707E-01   2.5197352486045851E-02
   1.0808651625715550E-01  -6.0633024210336285E-01   7.8783306766996581E-01   8.7811015473458891E-03
   3.0742997138003902E-01  -4.4576925200261143E-01   8.4070005749155303E-01   4.6434977904184568E-03
   9.4915899518522390E-03   6.9420862741376723E-01  -7.1971125553549555E-01   1.9813719784231587E-02
  -1.1035325752935440E-01   2.6014102965822556E-01  -9.5924387057776829E-01   1.7371892994274120E-02
  -1.9178731145216787E-01   9.3725652863583448E-01  -2.9114914853980637E-01   1.1675746405595068E-02
  -4.1585347930527332E-01   9.0620994476512262E-01  -7.6481499452430465E-02   1.0286233121992005E-02
   5.5687244719262274E-01   4.7290530266414076E-01   6.8282768856413333E-01   2.0922747379608961E-02
  -4.4546573598379515E-01   7.1968387004743208E-01  -5.3255554194653402E-01   2.0450718710322264E-02
  -2.6783618058696583E-01   6.2459998509492296E-01  -7.3357933380651365E-01   2.2757891511251777E-02
   4.0451912351041769E-01  -7.1218929638300423E-01  -5.7371655443419511E-01   2.3032367910735191E-02
   1.4537883531275155E-01  -9.6825708696656551E-01   2.0333029233768558E-01   3.0956935170589101E-02
  -3.2702609259605077E-01  -1.4192018880077592E-01  -9.3429791542746762E-01   9.4399169911459406E-03
  -7.1381725517497720E-01  -3.6148278308113033E-01  -5.9982924549440062E-01   3.0635728834478674E-02
   7.2593603449692514E-01  -4.6752080980395023E-01   5.0442161553519664E-01   3.7323835713265927E-03
   4.8801777138662725E-01  -6.1079690953246146E-01   6.2351085805816062E-01   2.6475230018756570E-02
   4.1656863887374315E-01   8.5131307454024369E-01   3.1896178176031471E-01   1.1145645736280107E-02
  -4.4567657207964224E-01  -6.5428672726992109E-02   8.9279979944247500E-01   3.2687912288254099E-02
   6.8997756580897018E-01  -1.1533169267676539E-01  -7.1458348661625281E-01   2.3927234312172194E-02
   7.1022539495420673E-01  -6.9311139509978856E-01  -1.2319286645324005E-01   4.2984185379185895E-02
   6.3296126469600775E-01   5.3191448852723999E-01   5.6251845684318224E-01   1.0047947336083127E-02
  -2.0732738355720434E-01  -9.7380154307302646E-01  -9.3412583391726577E-02   2.3097883639791727E-02
  -7.1030531145300033E-01   4.0389380026181278E-01   5.7648604721339697E-01   1.0125029915376315E-02
   3.8080900928870992E-01   9.0628928531455947E-01   1.8336910799961923E-01   2.6732085268890459E-02
  -6.6291394770091658E-01   7.2952160923680855E-01  -1.6835474332528878E-01   1.1899294412289351E-02
  -4.4909146223380744E-01   4.7084501475979037E-01   7.5935619482858873E-01   2.6192096565267384E-02
   9.1812672880782546E-01   2.7622769287053507E-01  -2.8415061418209726E-01   4.0777084710442927E-02
  -9.7682126818363599E-01  -1.8300344852358410E-01  -1.1104029832717945E-01   2.5341337101818179E-02
   2.6078335552087930E-01  -5.7753916420116784E-01   7.7358939709453569E-01   2.6472196533214349E-02
  -5.1500669561464187E-01   5.0403332627224264E-01  -6.9333866867428248E-01   2.2764687904181934E-02
   7.8206789113842365E-01  -3.0419984994123865E-02  -6.2245034995833670E-01   3.1037444538260472E-02
  -9.2772922499203804E-01  -1.0719033418076973E-01  -3.5753142149171650E-01   1.8681668727886124E-02
  -4.6741459350654999E-01  -8.7083115011857543E-01  -1.5223897582506809E-01   2.1768956162288524E-02
  -9.6059506450492229E-02  -7.3177848660540858E-01  -6.7473907383668372E-01   3.0204767025067780E-02
   3.6682959949893643E-01  -8.8315185116784569E-01  -2.9236766700553129E-01   1.3601442358963506E-02
   3.8510349538244934E-01  -1.5434262381676219E-01   9.0987562464194908E-01   3.0876587175914811E-02
  -4.4578980758652031E-01   8.6450080432045179E-01  -2.3218485476289161E-01   1.1970700537193856E-02
  -8.2830169198341874E-01   4.1984647058892239E-01  -3.7100572528120228E-01   1.1386357886673861E-02
  -4.9644850438194589E-01   5.7124408549354939E-01   6.5361997925825949E-01   1.9212977287119986E-02
   9.6637141837251689E-01  -1.7333702838205526E-01  -1.8994882559354932E-01   2.7186909558171903E-02
   8.9907508659519557E-01   3.9533939237653052E-01  -1.8807113946376068E-01   4.1976785291894902E-03
   4.8249040428621521E-01  -8.5808999864153303E-01  -1.7574004666864773E-01   3.9376748721302604E-02
   1.5906633454681240E-01   5.0463963309381369E-01   8.4854978753446328E-01   1.0676921036292477E-02
  -4.8194712854701240E-01  -2.1032216239916787E-01   8.5058306666017493E-01  -1.8590337358553561E-03
   7.9985344414766572E-01  -1.6401837451277292E-01   5.7734949615229140E-01   2.3650826903029411E-02
  -2.5391881453714688E-01   7.4982900009579065E-03  -9.6719646984007940E-01   1.3393339392425116E-02
   4.8689867519211107E-01  -7.8099298804067762E-01   3.9112610847073492E-01   2.2444813987503939E-02
   6.1665236669700469E-01  -1.6652123420384086E-01   7.6942220997720900E-01   2.7090436195111906E-02
  -4.4778628045497699E-01  -7.1608264699618136E-01   5.3545596430261097E-01   1.9558888636932859E-02
   9.3139422011085670E-01   3.6201879567350125E-01  -3.8042059923152473E-02   3.4302806260064584E-02
  -9.3203047514100756E-01   3.2209603496154115E-01   1.6605221368738600E-01   9.0180894754942588E-03
  -5.4439411319332906E-01  -3.9758227548780865E-02  -8.3788682580801339E-01   1.2128808275159630E-02
  -2.6106899328562187E-01   8.8240821647097593E-01   3.9140608100710853E-01   1.6896157380528000E-02
   1.4556802994432209E-01   9.1422769287571377E-01  -3.7815033285358690E-01   2.4987412260074246E-02
   4.1191067428420300E-01   1.6832345308609162E-01   8.9554274691491269E-01   2.0278958087440277E-02
   8.1131719130937778E-01   1.6000188248638879E-01   5.6228445886995173E-01   2.7761291445109059E-02
  -5.1158142675039908E-01   8.5864322373445673E-01   3.1878803913035063E-02   1.6428022659800807E-02
  -2.1614162511285117E-01   6.3439305928167843E-01   7.4217804078860236E-01   3.0455607000076021E-02
  -9.1382238832720279E-01   3.9391657885885539E-01  -9.8784469893308788E-02   1.3905340743485366E-02
  -2.0752624421091159E-01  -7.8427770737616526E-01   5.8467198981693924E-01   1.9444274177033623E-02
  -7.5631548252906357E-01   5.5130204387357100E-01  -3.5221150933445244E-01   1.1250207872611666E-02
   2.3493930227016837E-01   9.5428339978108507E-01   1.8478830360999618E-01   1.2645259446523091E-02
   3.8804177177554798E-02   2.0593788064776790E-01  -9.7779539022633912E-01   2.5835269732424501E-02
  -9.3330107473478634E-01  -2.0071045196297179E-01   2.9776571053718070E-01  -2.4133014165359258E-03
   7.6581322989234195E-01  -6.3260316715248974E-01   1.1551333183013241E-01   3.9500869767596654E-02
   9.8910348304178228E-01   9.5910717563309706E-02  -1.1169348276021258E-01   3.8395730528639738E-02
  -4.3754144539539847E-01  -6.0356153062443462E-01   6.6653654236777981E-01   1.7391175003133994E-02
  -6.9743679806160070E-01  -6.0222877495637261E-01  -3.8846160083607820E-01   1.9254982347362670E-02
  -7.2725030544522963E-01   6.6658345170925406E-02  -6.8312784912408162E-01   1.2491184218873083E-02
   7.7483934264032274E-01   4.0425477807921605E-01  -4.8600624224060764E-01   3.4343618149639612E-02
  -4.4890429184661853E-01  -8.0127017568588243E-01   3.9553892642570724E-01   1.2514785429524815E-02
   7.1700418669672094E-01   2.4442996313985014E-01   6.5280853960317122E-01   2.0189865975082081E-02
  -2.8274538365583792E-01  -8.9477522947625605E-01  -3.4558983887988703E-01   2.1352591079033493E-02
  -4.6275765158668065E-01  -1.6830676910639040E-01  -8.7036095234732826E-01   2.0472880321842468E-02
   9.5879294828252330E-01   2.4638476031093072E-01  -1.4145894178252548E-01   2.1394110495306555E-02
  -6.6055091603700439E-01   5.8642875870775101E-01  -4.6880038212778867E-01   1.5764457510329467E-02
   1.4161045862035797E-01   9.8471218573065737E-01  -1.0143169762398314E-01   2.4971572954820020E-02
  -4.1258878782949635E-01  -8.6265454916346140E-01  -2.9257071105114373E-01   1.7938927448788673E-02
   2.3304415967652687E-01  -9.3917268824275961E-01  -2.5227976791556150E-01   3.3668535308312175E-02
   6.0689536210493031E-02  -7.1685496731041347E-01   6.9457593971929467E-01   1.7986846930469035E-02
   2.5802207486645341E-01  -8.7643691368660352E-01  -4.0655005252626805E-01   1.9145122596772832E-02
   4.4869184695925250E-01   5.6527455466542573E-01  -6.9219961305977300E-01   2.8131123744014372E-02
  -5.5801982612486948E-01   6.4458228081763486E-01   5.2261607027291665E-01   1.4898997194022300E-02
   9.3459284281275500E-01  -3.2320302002629759E-01  -1.4858003233629282E-01   6.2354303880818564E-03
   3.5177069963423601E-01  -8.3112825211837524E-01   4.3067760959851941E-01   8.9378007421061838E-03
   5.8250232655658349E-01  -3.2553208473149872E-01   7.4479520766888107E-01   3.0139602034683732E-02
   3.4464768782646770E-01   8.2224920003808072E-01   4.5290641893508878E-01   1.8332231864440531E-02
   4.9048322942164759E-01  -2.4193237949176276E-01   8.3719467593240537E-01   7.4841770677456276E-03
  -2.5597854820841057E-01   1.0565997845126644E-01   9.6089070752650762E-01   2.9654724373862988E-02
  -7.9395542601476360E-01  -2.3988986164534322E-01  -5.5864804285121518E-01   2.0105960863893606E-02
  -6.0761072938379347E-01  -3.4065011104739588E-01  -7.1747244085127848E-01   2.1577132481904568E-02
   6.0704569889412871E-01  -7.6632698550999975E-01  -2.1032943382535722E-01   6.4713276509156747E-03
  -2.5275740240749131E-01  -9.6597387478718772E-01   5.4846775263859255E-02   2.7072951596162275E-02
   5.7445819283744885E-01  -5.7087117497302095E-02  -8.1654078018050118E-01   2.6743130121844536E-02
   4.6041828552754644E-01  -3.0761253704375066E-01  -8.3270014375246859E-01   2.4171883433443603E-02
  -7.1398612810489128E-01  -6.9024695615095215E-01  -1.1740080237430867E-01   2.6659149603848222E-02
  -9.0784883663934596E-01  -3.4466362294816752E-01   2.3878332611141384E-01   2.8931652838461294E-02
  -5.8422683641713497E-01   4.3303292740488616E-01   6.8641203907942998E-01   2.4142819833838160E-02
  -5.6719579852304935E-02  -9.1875973524822249E-01   3.9072168886305028E-01   2.4825433635001949E-02
   6.1334130251185658E-01  -5.4595282805171443E-01   5.7074333651422897E-01   3.6300889132863387E-02
   4.5024969035346034E-01   5.9565312094434226E-03  -8.9288282325989669E-01   1.4610535592113913E-02
   4.4468460813942805E-01  -4.5386029767364481E-01  -7.7218289898150027E-01   2.6782946317439377E-02
   8.5205970097650549E-01   6.7288550686416561E-02  -5.1910164411062096E-01   9.5593498369145262E-04
  -8.4581796616371835E-01  -4.9583747280526475E-01   1.9681760255820442E-01   2.7696542949731650E-02
   5.3916112274256713E-01  -4.7472865494688241E-01   6.9565651574271791E-01   2.4741936239670927E-03
  -4.8614942171780137E-01  -3.1553711200574747E-01  -8.1492028488099350E-01   9.4897518102548126E-03
   3.1949929855407783E-01   7.4230557971701411E-02  -9.4467455903430685E-01   2.4191868368892426E-02
   7.5933140458257426E-02  -2.7584546251161761E-01  -9.5819801658733272E-01   2.4441165473167569E-02
  -1.9464575095471072E-01   8.2295914528014950E-01   5.3371460241878585E-01   3.3043484177955710E-02
   8.0242356710163029E-01   5.9659625276584140E-01   1.3759729127127704E-02   2.6518178481364378E-02
  -8.9498890722744803E-01  -4.4268965417311365E-01  -5.4961131974401249E-02   2.5161940844672154E-02
  -4.0484071850579708E-01  -9.0886826600509333E-01   1.0031185218410070E-01   2.5404816225936843E-02
  -8.4257095467126301E-01   5.3176930721537249E-01  -8.5414227433368505E-02   1.3978879230189409E-02
  -3.0789170030031027E-01   5.0434423052493109E-01   8.0674630338316326E-01   1.5707931391915637E-02
   7.5877942491809289E-01   1.1934928969339810E-01  -6.4031986645008096E-01   2.7855825416328037E-02
  -9.9568335677128452E-01   1.9347384355068875E-02   9.0776273151546185E-02   2.4014849543940202E-02
  -6.6551428224962583E-01  -6.7928288297142538E-01   3.0929840772916095E-01   1.1032044166466572E-02
   5.7349568505904846E-02   5.8160009677648432E-01  -8.1145077140993002E-01   1.5184679971696263E-02
   9.4250918740092686E-01  -6.5363427239221421E-03   3.3411630892346453E-01   2.3430717578451916E-02
  -7.6782700115984123E-01  -8.9795838422807818E-02  -6.3433303846783042E-01   3.4397970181921539E-02
   2.5666277842844973E-01   3.9990865367925811E-01  -8.7988481455349134E-01   1.4965021799198860E-02
  -9.7490848492250918E-01  -6.8291298074225528E-02  -2.1187200058864572E-01   1.6890634691665358E-02
   6.0735625423116248E-01   3.4161623229086908E-01  -7.1722850632255443E-01   3.4203175751465835E-02
  -8.5090715585724900E-02  -4.8824086541349025E-01  -8.6855076274297022E-01   2.1400886233792868E-02
   9.2539422837812619E-01   1.2589215800454780E-02  -3.7879682381189807E-01   3.2136126349158771E-02
   7.2558639707361276E-01  -6.3167011228436695E-01   2.7297847832455346E-01   2.1799512363909645E-03
   6.9037228404599488E-01   5.8505468200487165E-01   4.2555508278634688E-01   3.5865796871154342E-02
  -3.4284207812447942E-01  -1.9217625527549762E-01   9.1952574535766817E-01   3.8710100416172483E-02
  -5.0066704406596285E-01  -5.7622276085836503E-01  -6.4598749280076219E-01   2.2604408099401012E-02
  -5.8048421580953677E-01  -7.0532633218955984E-01  -4.0688185056108068E-01   2.2389586705698572E-02
  -1.9428614399980590E-01  -1.7088128449763885E-01   9.6594641717753866E-01   2.2858619148487422E-02
  -1.3616168854339303E-01  -9.7863413185557917E-01   1.5406242416724764E-01   2.4344958099862541E-02
   4.1270939884846029E-02  -6.8711034340299939E-01  -7.2537995940722943E-01   2.4155146066270396E-02
   6.9265649376587941E-02   4.7168516678353054E-02  -9.9648251407177408E-01   1.9193023646357749E-02
  -1.7574924475374991E-01  -9.3757768092454210E-01   3.0010047517563882E-01   2.6244810817261021E-02
  -8.7723384154284218E-01  -2.4076880534880684E-01  -4.1532056248504725E-01   2.7566528528249416E-02
  -5.4451245088909061E-01  -7.8992701717546669E-01  -2.8199556443856614E-01   2.3003194911955082E-02
  -9.1383169079742962E-01   1.0072533468057414E-01   3.9340316196974974E-01   3.4590333162539863E-02
   4.3142779461360136E-02   8.9202318137126752E-01   4.4992593221177115E-01   3.4010689907933997E-02
   8.8261954485389555E-01   4.6537531267824423E-01   6.6396968240490394E-02   6.3091453291853394E-03
  -9.3926879305181252E-01  -2.2302463160392638E-01  -2.6083356397696317E-01   2.3056162991413566E-02
  -9.0740848437589978E-01   3.4456192950741701E-01  -2.4059700583498209E-01   9.6270316447559043E-03
  -9.8860755460057827E-02   4.0593397044047234E-01   9.0853957683322761E-01   1.3657811607020473E-02
   4.9674645121212712E-02  -5.6120817010932366E-01  -8.2618267921484900E-01   3.3541102824904815E-02
   7.6714992402947679E-01  -3.1882707361705127E-01   5.5662401240905454E-01   2.7846705672692388E-02
   3.7058180122901749E-01   3.2014577467483613E-01   8.7188061771994114E-01   1.7034228163563087E-02
  -3.7930871504009910E-01  -3.3475492284192469E-01   8.6259146780369082E-01   2.6531825996759539E-02
   4.9426844551443043E-01   6.0441075500179106E-01   6.2480904523455276E-01   3.5510589915448789E-02
  -8.5815806922192390E-01  -4.6974498801316313E-01  -2.0713371156287623E-01   2.3168383200086881E-02
   3.9023025455622089E-01  -8.0783077754921457E-01  -4.4173496949326800E-01   3.6065678419276041E-02
   1.1408825281617904E-01   8.0982747488985058E-01   5.7546792393918879E-01   1.8871237422905615E-02
  -1.6632904344304522E-01   3.9238093276903054E-01  -9.0463907328095611E-01   3.5241770327284815E-02
   8.0606521845489016E-01  -5.6283183207804787E-01  -1.8297320130811025E-01   1.4334326987273628E-02
   5.7404237397337043E-01  -3.5577579071560254E-01  -7.3749504379602779E-01   2.0455850588756772E-02
   3.5237209781497513E-01  -6.6132861245248513E-01   6.6217699373592289E-01   4.8500604210880471E-03
  -7.1888627886025115E-01  -2.3619098166399661E-01   6.5377086065919058E-01   2.9349867699598517E-02
   1.2605954361578186E-01   2.5632418252257451E-01   9.5833548662121170E-01   1.4043696820557032E-02
   3.5047327750853152E-01  -9.2629596208775399E-01  -1.3836282872343332E-01   1.5355892373800936E-02
   8.8695034217989281E-01   7.7141815842205971E-02   4.5537702045177717E-01   1.8200584144479687E-02
  -3.0887033681800240E-01  -5.8237665198258872E-01   7.5195515176071801E-01   3.3443575235323383E-02
   1.7769529323777632E-01  -6.2370795890151198E-01  -7.6119167412948662E-01   9.3417312246135839E-03
  -1.9275795594584497E-01  -8.7176684859845927E-01   4.5040751781502317E-01   1.3927508105064865E-02
   6.9056149280111966E-01  -2.6056042463632618E-01  -6.7470963367483225E-01   2.6453251730548488E-02
  -6.7116835208796130E-01  -5.8804370498688252E-01   4.5137306541355632E-01   1.7918309857818528E-02
  -5.8739579337574765E-01  -1.9432730808899822E-01  -7.8562273341302910E-01   3.5196743673731782E-02
   2.0448339613682762E-01  -3.4305707605907587E-01  -9.1678698903842796E-01   2.9920460523780857E-02
   8.1450264005327142E-01   5.5415606631408467E-01   1.7174546140597303E-01   3.1369157574064652E-02
   5.2998618405974449E-01   8.4863764855440813E-02   8.4374924362653569E-01   2.6553484308222112E-02
   8.7723840119904981E-01   4.2374238846064775E-01   2.2559959149652826E-01   2.8243407459558085E-02
   2.0474976087899983E-05   3.5878755112229083E-01  -9.3341924810903957E-01   1.5963919209320627E-02
  -7.1322829702288883E-01   5.2710328437640434E-01   4.6202545809234072E-01   2.6839364000540748E-02
   8.4285827523930905E-01   4.2414962552576831E-01  -3.3119031239903087E-01   2.9555576667172726E-02
   9.5736732434524984E-01   1.2705738167347124E-01  -2.5943058423844189E-01  -1.3143996446657209E-03
  -1.2338011642124839E-01  -4.2408917808178072E-01   8.9717652438402488E-01   2.7572532113355543E-02
  -6.0702049272739433E-01   1.8718886086863935E-01   7.7232535357561102E-01   2.5737393414494391E-02
   5.6470617653198402E-01   6.5665218673102323E-01   4.9991483259450610E-01   1.9651546230020720E-02
   4.6286503352899668E-01  -8.8613129108489534E-01  -2.2962920032462377E-02   7.8201735817741147E-03
  -9.7628000870049511E-01  -9.2899107337498492E-02   1.9556865921628915E-01   3.5394560360945099E-02
  -3.2934281899235191E-01  -8.0437657787550573E-01   4.9448117107071052E-01   2.9337684927772817E-02
  -8.7364354302304381E-01   1.6039654053906691E-01  -4.5936903412968792E-01   1.3605725418652725E-02
   7.8146500977696859E-01  -5.2301352041096684E-01  -3.4024887356405679E-01   3.5355639867674621E-02
  -6.4787787054270307E-01  -4.9790815451472507E-01   5.7649087983140976E-01   1.5863769360125619E-02
  -3.7122417299464913E-01  -6.6485397869083993E-01  -6.4819888954193594E-01   2.9017766359798935E-02
  -4.9775453286573796E-01  -4.5229795283804126E-01  -7.4004526001463446E-01   3.2355948298363093E-02
  -5.2213994483875945E-02  -6.3757655190716331E-01   7.6861553408593694E-01   3.1486932621132881E-02
  -8.2167577242480955E-01   5.6692291395377569E-01   5.8714007223596782E-02   8.4751939674776579E-03
   1.1338243175761713E-01  -8.0027845397851820E-01   5.8881136220905414E-01   2.0284212376231622E-02
   6.7395724816946795E-01   3.4554832931080401E-02  -7.3796178163976975E-01   1.0833695805909386E-02
  -1.5906714353987181E-01   5.2532640582000400E-01   8.3590059887184082E-01   2.4698597796177970E-02
   3.4929109198404519E-01  -3.0391550301491410E-01   8.8635833616420907E-01   2.7861863939893281E-02
   5.6922656350642144E-01   8.1968807333528417E-01  -6.3973289977611855E-02   1.7068315093773989E-02
  -5.3996234698513303E-01  -8.3037423575901065E-01   1.3754741882691217E-01   1.0929719756078457E-02
  -3.9413118416326792E-01   3.5833126815033922E-01   8.4632104542887844E-01   2.9264627024223317E-02
  -2.7899759352328139E-01   7.2730272481362012E-01   6.2704951103314110E-01   1.5627711652419804E-02
   4.4566198273480575E-01   8.2269941814559093E-01  -3.5291792888402224E-01   2.7045627402779794E-02
  -7.6300912934284550E-01  -4.5323810340557644E-01   4.6086038033312100E-01   2.2638066714451845E-02
  -6.6705446646704107E-01   7.0554818233013563E-01   2.3924903589568113E-01   1.5278345611521753E-02
  -7.3018924969230010E-01   1.6099222791825196E-01   6.6400689919888131E-01   2.7912585024051961E-03
  -7.9804664318445821E-02  -2.8782808867342680E-01   9.5435119684716802E-01   3.5145408479875905E-02
  -7.4581853447918575E-01  -6.6536566934766767E-01   3.2299221056391513E-02   2.1195490644832704E-02
   6.1205706996237099E-01   7.0506027844789471E-01   3.5815659544960842E-01   7.3300714208000679E-03
  -3.4252073336592547E-02   7.8982203436473756E-01  -6.1237892640430722E-01   3.2145240937693562E-02
   1.6128098960492560E-01  -7.4633911487444972E-01  -6.4572933029287042E-01   2.7200812783531365E-02
   2.5628577227986859E-01  -9.1275254443518285E-01   3.1812009611781948E-01   1.7467620147718885E-02
   6.2479444625338267E-02   3.9640232553694012E-01   9.1594842393456570E-01   2.7730004049663432E-02
   2.7668439285441923E-01   9.0450131627232170E-01   3.2453523015601657E-01   3.2475364605096035E-02
   3.9463561214568345E-01   3.3468456705256381E-01  -8.5571547502849316E-01   3.1464191643846319E-02
  -3.1029333579778679E-01   7.2152466356858324E-01  -6.1896704728258722E-01   3.5811420765887280E-02
   5.1163572039106810E-01   2.5342583285885540E-01   8.2097761044970543E-01   2.1115825764551883E-02
   3.3749755050172751E-01   9.4034263494802559E-01   4.3024787092302956E-02   1.9708252292760079E-02
  -8.1017488114559430E-01  -2.6764634580552155E-01   5.2151902701404218E-01  -6.5017697436475998E-03
  -3.5831048305718034E-01   1.3149832461956647E-01  -9.2429529283318174E-01   1.6306141647834868E-02
  -9.3357054790396105E-02  -9.9561657284254980E-01   5.6657040267431924E-03   1.7539467275228717E-02
  -1.8769053016394840E-02   9.2836322745270560E-01  -3.7120000075762868E-01   2.3889434810463749E-02
   6.4258835237011364E-01  -5.3086159418672167E-01  -5.5250898383265685E-01   2.0996534624522054E-02
   1.8066727224275478E-01  -9.8197083841348771E-01   5.5611233090753930E-02   1.4766779690572380E-02
   2.0890316446017092E-01  -6.9715947178358605E-01   6.8580473808581841E-01   3.3883726278139905E-02
  -6.6411548798820501E-01  -6.5270632635009899E-02  -7.4477537763382990E-01   1.6421789081372983E-02
  -9.4098269207977320E-01   1.8923959398158443E-01  -2.8060639564341363E-01   1.2201904821582629E-02
   2.2196758027035983E-01   8.3575310110614573E-01  -5.0224212019740219E-01   2.0487881863569659E-02
   3.1192651735019163E-01   6.2495423140997354E-01  -7.1563542143786449E-01   1.6340776215999421E-02
   9.2353636606344622E-01  -1.5426728681342298E-01   3.5111562878565969E-01   1.7532403644654377E-02
  -6.6795439256284954E-01   6.7133126451961242E-01  -3.2117170288568837E-01   4.5226324412603169E-02
  -6.2441109026626619E-01   5.2828250443653255E-01   5.7535066338604128E-01   2.4751494168689420E-02
   2.5003172538568194E-02  -7.9908537686386562E-01  -6.0069742953115801E-01   1.1762835893651661E-02
   6.6886330239498814E-01   5.3265383318022170E-01  -5.1855739962677915E-01   2.0609529059905149E-02
  -7.5034003762888401E-01   6.5869995928718436E-01  -5.5715272288184367E-02   4.3373474845015245E-02
  -7.2101278694545740E-02  -7.5311270501794176E-01   6.5392863460103187E-01   2.0640890839544776E-02
  -6.6247870933708998E-01   4.5287636165711413E-02   7.4771049857921987E-01   3.8398535641978357E-02
   4.3526503660425719E-01   8.9670035933956953E-01  -8.0453797114750251E-02   2.7426558613944549E-02
  -2.0588641382890671E-02   9.5047450481693704E-01   3.1011985350668078E-01   1.5402073628681152E-02
   8.7681203237153226E-01   2.2629058036676514E-01   4.2425609379922342E-01   2.3681439617875770E-02
  -3.5130891490827877E-01  -2.8864262975505106E-01  -8.9065564535012988E-01   3.4522949694105200E-02
  -3.9509061678123771E-02  -1.4550768817902694E-01   9.8856792721901989E-01   8.0249875682939517E-03
  -3.7143672014178292E-01  -5.5205046874343981E-01  -7.4650856853117453E-01   1.0394526266348398E-02
  -8.0357011208328259E-01  -1.2302482492509221E-01   5.8235725067917796E-01   3.9547879416566225E-02
  -3.1555252497748509E-01  -9.2961399151072363E-01  -1.9037970156462035E-01   2.6437638030778862E-02
  -7.2311517335370778E-01   6.0234481899302272E-01   3.3806088963069900E-01   1.6843522113997551E-02
  -5.0979256207912424E-01  -3.5355187033232438E-01   7.8429115679913010E-01   3.4800937213232923E-02
  -4.8174671996147022E-01   7.5609447366395112E-01   4.4299124675460284E-01   1.9396307149666736E-02
   5.4682208806710672E-01   6.1790288129027253E-01  -5.6496162108156413E-01   2.4807894931664931E-02
   8.1179995341180717E-01   5.3449553897442303E-01  -2.3514964268956197E-01   2.7161666198493845E-02
   1.8487657390211058E-01   7.0744597354752123E-01   6.8215896016516364E-01   8.3231537534548447E-03
   3.3773662527992254E-01  -2.5069952707145546E-01  -9.0723961502498209E-01   2.3379938732960239E-02
  -7.2201559898239748E-02  -3.5012313753785075E-01  -9.3391687173372766E-01   3.5169319400712932E-02
  -4.2201210415234235E-01   6.9500001469094812E-01   5.8213466099219202E-01   3.0597931756237937E-02
   5.6595691768740525E-01  -8.1996908044282150E-01   8.5694074704878602E-02   3.8657501921612983E-02
   3.8117936581534417E-02  -3.8717870757875644E-01   9.2121640851018824E-01   5.4483185219644525E-03
  -9.9086750079805305E-01   1.3391619418219049E-01  -1.5749565009172405E-02   9.6288368962934569E-03
   4.8633232824804633E-01   4.2061711278310420E-01  -7.6587343010111013E-01   1.6141437678054351E-02
   1.8502525491983902E-01   1.4546617611422765E-01  -9.7190804433781341E-01   2.1409145126541391E-02
  -9.4847671199205567E-01   4.9817103163579821E-02  -3.1290602909040976E-01   2.7711310012439955E-02
   9.3012585030993832E-01  -1.3432912364317810E-01  -3.4179173355490908E-01   1.3906952054565535E-03
   6.7465607822321835E-01  -3.9941438586195188E-01  -6.2073128202386129E-01   1.8626438274271166E-02
   6.9886079589944438E-01  -2.4594076581914121E-01   6.7164479277598019E-01   9.6814913184819815E-03
  -6.9843304099999370E-01  -2.1880384761263336E-01  -6.8140748712456105E-01   1.2140904989168614E-02
   8.4672417716079966E-01   3.6943720486141766E-01   3.8285025724890093E-01   3.1586486916419338E-02
  -5.6679505364481421E-01  -7.0294915714531489E-01   4.2965782854786152E-01   3.0996166461065519E-02
  -4.5632211861352622E-01   8.0047774087816385E-01  -3.8859427481970705E-01   4.1708910622725632E-02
  -1.5360228741291637E-01  -2.3278335618344856E-02   9.8785852043314363E-01   3.9010163834909366E-02
   4.5120511499274948E-01  -3.9267825156839055E-01   8.0138488565081598E-01   3.0678814909714127E-02
  -7.5917966679336252E-02   8.6857178043971323E-01  -4.8971371693986833E-01   9.6439908045587028E-03
   8.0343886764277243E-02  -2.4636957974266628E-01   9.6583999194329841E-01   2.6142765217863064E-02
  -6.3927566931726325E-01   7.6883980272243928E-01  -1.4559408253282764E-02   9.7207647828044727E-03
   6.2155330098525265E-02  -8.7707053436447921E-01   4.7632341186419804E-01   1.4649201685376436E-02
  -8.8318657750405229E-01   3.4902524445704004E-01   3.1330950839127487E-01   3.3757298006936165E-02
