   0.0000000000000000E+00   0.0000000000000000E+00   1.0000000000000000E+00   8.5392330464725549E-03
   8.4353145293590507E-01   0.0000000000000000E+00  -5.3707977797329231E-01   5.2847753013210887E-03
  -8.9325573016549810E-01  -4.3150337078101221E-01   1.2609140149560920E-01   2.0396716273517507E-02
   2.8115655825292078E-01  -8.2180438497745100E-01  -4.9556890800695470E-01   1.7348108911697339E-02
  -5.1441989330328805E-01   8.5661580864180599E-01  -3.9768451802634716E-02   8.7681718639647971E-03
   9.7909871481044525E-01  -1.2959291472135689E-01   1.5675261755568099E-01   2.5341766988458855E-02
  -7.6006674420820639E-01   5.2982679404787882E-01   3.7627398615594391E-01   2.7241905963222623E-02
  -2.3140872104477234E-01   8.1936257707306552E-02  -9.6940004822433571E-01   9.8412862481333700E-03
   5.3102478924054539E-01  -6.1126364580298764E-01   5.8682998264546268E-01   1.9611937634821535E-02
   4.9971911431559341E-03   3.9328048385072772E-01  -9.1940496469336956E-01   2.0762528261000334E-02
   1.4038479754473353E-01  -8.5240444119687914E-01  -5.0368519657238319E-01   1.7540408783813181E-02
  -9.6342515895168254E-01   2.5308915734079331E-01   8.8078609976842550E-02   2.4835813746532324E-02
   9.5616421646263827E-01   1.8660255925246183E-01  -2.2567559911700811E-01   2.3163575476644373E-02
   6.4177011250644522E-01   3.0038950582426298E-01  -7.0561835823915437E-01   4.0913882952860367E-02
   2.6845239370990867E-02  -2.5782424709515563E-01   9.6581881879208086E-01   7.5133887829676417E-03
   2.1695366020043933E-01  -8.9767915722078743E-01  -3.8354040206607873E-01   2.1831298844317501E-02
   7.2615034617503741E-02   8.8247497983632499E-01  -4.6472031019783974E-01   1.9905758915224943E-02
   4.5600107429987177E-01  -8.8349447589089376E-01  -1.0724053015365828E-01   1.8472796290441010E-02
   9.4975775360860037E-01   2.9170852834172835E-01  -1.1342990766569633E-01   2.8761906776498742E-02
  -1.0350469705434766E-01   9.0880945785973974E-01   4.0416846362918237E-01   1.9515490641329540E-02
   8.4740387444242095E-01  -2.8655530651668282E-01  -4.4698180039807375E-01   2.8372847512334185E-02
   4.6403019092646617E-01   5.2288036267720485E-01  -7.1503294206302268E-01   2.2647821418962514E-02
   6.0797112129432298E-01  -6.0041804171136279E-01  -5.1948945211584032E-01   2.8099671912651684E-02
  -1.4401192667228381E-01   9.8014917395768037E-01   1.3626504234840886E-01   2.4926016208442685E-02
   9.2247352789479677E-01   3.8594413657133639E-01   9.4717358247172427E-03   1.4573397351889003E-02
  -9.1998087112759616E-01   1.6534260339718354E-01   3.5538292060979914E-01   8.9295883124620889E-03
  -4.3654843665905449E-01  -7.0538280686168253E-01  -5.5844476739823578E-01   1.1373497097138240E-02
   3.9584036552800254E-01  -9.1815853927266122E-01   1.7184346928246158E-02   2.1348129310526573E-02
  -2.1113963245331919E-01   8.3554140483162075E-01  -5.0723822452520170E-01   2.3904000213712932E-02
   6.3832356615679772E-01   3.5111742415472866E-02   7.6896696316123867E-01   1.5672517049715494E-02
  -7.0531901171875874E-01  -7.0140521550724024E-01  -1.0274149778602450E-01   1.6453851125014482E-02
   6.5333384055011194E-01  -4.8279613541938024E-01  -5.8314902419206040E-01   5.4719751046115758E-03
  -4.1635187030346445E-01  -6.0964598054285792E-01  -6.7452420156933170E-01   3.0350199919649041E-02
  -1.7007865872304737E-01  -7.0062981066914877E-01  -6.9295823701625911E-01   2.8968676210971411E-02
  -8.4792241029822950E-01  -4.6385279353855599E-01   2.5664795350931335E-01   2.4234464353406868E-02
  -8.7211151146130276E-01  -4.7218013069432167E-01  -1.2832550702870912E-01   1.5873853689088688E-02
   5.9216348543766663E-01   5.1300613236521837E-01  -6.2142345841623516E-01   4.1803343595556841E-02
  -4.5170075758939756E-01   7.3898534118279783E-01   4.9986707344063798E-01   1.7824073297617017E-02
   4.9279586129991628E-01  -3.1853047947183705E-01   8.0974722767856093E-01   1.5652917856807495E-02
   5.8859820554646589E-01   7.0494839712274384E-01  -3.9572706480799961E-01   1.1933075480145676E-02
  -5.0674210239162125E-01   9.0411380959715703E-02  -8.5734370229020573E-01   2.6675805792091131E-02
   4.2675808637266747E-01  -8.1085968254715137E-01   4.0047985084779460E-01   1.5688876567525524E-02
  -5.5220593027437097E-01   4.3939796344697024E-01   7.0851820039323740E-01   2.6262346568076622E-02
  -6.5853660805612168E-02  -1.3905283326624040E-01   9.8809291310034730E-01   2.5477651383632280E-02
   3.0103366516345886E-01  -6.3902294022991750E-01   7.0783360636392913E-01   2.1926426328191963E-02
   7.5249809526539079E-01   2.8111982737836083E-01  -5.9558228589903468E-01   2.2240730833162509E-02
  -1.1092934951159303E-03  -9.6509018050931789E-01  -2.6191546909725249E-01   2.4931514694343728E-02
  -5.9117705574144086E-01  -5.1310656827390257E-01   6.2227914825989492E-01   4.1811305414121786E-02
   1.5189132476478084E-02   9.5038384265943811E-01   3.1070861247556793E-01   2.3272821883097081E-02
  -4.3710186906280465E-03  -8.6402447297038342E-01  -5.0343083368408949E-01   2.1183993763576101E-02
   7.7955216366732003E-01  -5.5718988827764306E-01   2.8607315938890085E-01   1.5438701900223912E-02
  -3.1558937614726803E-01  -7.0026980086915529E-01  -6.4033237592179572E-01   1.5205657072754103E-02
  -3.5287950504475218E-01  -8.3138612604579158E-01   4.2927050252485523E-01   2.5400990463184869E-02
  -7.6709695102689599E-01  -2.4102868178118104E-01  -5.9453127948331365E-01   1.7114321388152820E-02
   7.8498732144448872E-01   4.8285172634272797E-01  -3.8813543453188392E-01   4.8762716229002416E-03
  -2.2427239048866614E-01   3.5584988220483686E-01   9.0723357312177501E-01   8.3282950087609766E-03
  -5.5931197682256943E-01  -4.1433536590640649E-01   7.1798072198495264E-01   1.4311751730504997E-03
   5.1076585430806167E-01   6.9647817923961676E-01  -5.0402022570133455E-01   4.0437839303953460E-02
   2.9424975601384883E-01  -8.6960202413608058E-01   3.9649640692473081E-01   1.9861514068355196E-02
  -4.7877639071694568E-01   8.0183208431822770E-02   8.7426759105987308E-01   3.1099955900004632E-02
  -5.9290240934158315E-01  -1.8949860393332196E-01   7.8266021497471545E-01   2.0715024342039782E-03
  -7.4540223518906580E-01   2.7928769162412097E-01  -6.0528827271178373E-01   1.2427056374660725E-02
  -9.8514929048969239E-01   1.0601289804859790E-01   1.3506346987617758E-01   8.7586112684315065E-03
  -1.6117423536445649E-01   9.0656502447483440E-01  -3.9008040485728798E-01   1.4642060087238975E-02
   3.4312005790659898E-01  -7.2771772208014864E-01  -5.9388175829255072E-01   1.7817061332920980E-02
   7.8214840557854312E-01  -2.5427621318978195E-01  -5.6884750070366605E-01   6.0516278178213358E-03
   9.4286829959876463E-01  -2.3886805260664232E-01   2.3225292905719134E-01   1.6804176906648797E-02
   8.9461724019514772E-01  -8.2577312934264277E-02   4.3913663128253590E-01   1.8190404898796124E-02
  -5.0124841071896542E-01   8.3237207254139953E-01   2.3644611141832378E-01   1.4668023091979407E-02
   4.2986945589241019E-01   7.8468117621302049E-01  -4.4664046232704226E-01   2.9700183693167950E-03
  -4.4262610931227017E-01  -7.8552163100844953E-01  -4.3247877933247487E-01   1.3711892402800860E-02
  -1.9933020148678068E-01  -9.5523046280691410E-01   2.1863721938619726E-01   1.8916623667117278E-02
   2.6299315027968277E-01  -3.1550564995450751E-01   9.1175149451632488E-01   1.3941684983312103E-02
   5.5889060296046437E-01   4.1530927784087534E-01  -7.1774612340421555E-01   1.1550144247782603E-03
  -8.0364588497845819E-01  -4.5394520159036941E-01  -3.8482079661872443E-01   1.4451644993728114E-02
   2.8077221459513239E-01  -2.0815500274057909E-01  -9.3693033804302352E-01   2.0536868132016565E-02
   1.1929305561912741E-01   9.3829201998360964E-01  -3.2461862564574008E-01   2.2011232004680434E-02
   1.7160660273594176E-02  -6.0439124748510604E-01  -7.9650281336751831E-01   2.8231139711039595E-02
  -7.4527242551366015E-01   4.0943844664823361E-01  -5.2624060103270977E-01   2.8002120653493411E-02
   7.5489177731269787E-01  -4.2329015225493034E-01   5.0096292432641575E-01   1.6023643750286328E-02
   4.6096846696962865E-01   2.0340488719448237E-01   8.6379078735829910E-01   1.4986311699826988E-02
   9.3489408244827494E-01  -3.5474068286575546E-01  -1.1493586173841487E-02   2.2532482807334877E-02
   8.9335783849229475E-02  -4.9094010142452004E-01   8.6660079306294530E-01   1.4573111009804886E-02
   7.2316801276649353E-01  -5.1391343652422483E-01  -4.6143364102677004E-01   2.4200457530441989E-02
  -8.5858485734711358E-01   4.3750907992636580E-02  -5.1080123412542430E-01   1.3619427052964367E-02
  -7.1150512985314389E-01  -1.8001505494929151E-01   6.7923120524918800E-01   2.2831762103297474E-03
  -4.4540510182708601E-01  -4.6103320463080033E-02  -8.9414136416378902E-01   1.1512532544597962E-02
  -8.9682946696311756E-01   3.1360070126204093E-01   3.1201203078504331E-01   2.4854625086963033E-02
  -6.1140383875149417E-01  -6.0258781968663903E-01   5.1290668305768791E-01   1.5400557922967099E-03
  -1.8589211525534867E-01  -3.9756314575582800E-01  -8.9854753164349769E-01   1.1110260627814949E-02
  -7.6598932830117156E-01  -5.3137059629817544E-02   6.4065341786539873E-01   2.4720399646416244E-02
  -7.5317409411420808E-01  -2.8456484395373102E-01   5.9308653124213730E-01   2.3840415657424514E-02
   9.9245077272786765E-01   1.1238050598367439E-01   4.9112987963586558E-02   2.8272381912098234E-02
  -6.2018349423602971E-01   6.2621970561951014E-01  -4.7246302899909800E-01   2.9349391343401007E-02
   6.7769784749240455E-01  -3.9726538095578716E-01   6.1879386276708885E-01   1.7217117281999570E-02
  -1.5558836943504203E-01   6.9095589871126694E-01  -7.0595481819493963E-01   2.2656014402833375E-02
  -4.2077159016416469E-01  -2.8764853505387533E-01  -8.6035433932309519E-01   1.2832596041836330E-02
   1.7516749386843568E-01  -9.7546428335525874E-01   1.3336334200245198E-01   1.9408885384617239E-02
   4.8282115932012796E-01  -6.6919854684738186E-02  -8.7315832536931186E-01   2.7690272065321415E-02
  -9.6492635301265945E-01  -1.9344293560162398E-01  -1.7747384012162079E-01   1.8254922378666918E-02
  -6.0796774920878595E-01   3.1170065696243747E-01   7.3021771847250294E-01   3.8015927414340616E-03
   3.3610722100153678E-01  -5.2561454458133667E-01   7.8151217937737733E-01   1.3862292997947387E-02
   3.6264718171935768E-01   6.3156590265898282E-01  -6.8528208220378230E-01   3.0658085145536633E-02
  -1.4424466631611629E-01  -9.5565866660055345E-01  -2.5672940850359227E-01   1.4716954723316531E-02
  -3.5012138131896279E-01   4.1788970805824945E-01  -8.3832166275379780E-01   1.3126974760725447E-02
  -4.1905378353319706E-01  -8.5722103237002205E-01   2.9927583960117164E-01   2.2341722851658909E-02
   3.8938958660581848E-01   3.2807184697440576E-01   8.6066521543847223E-01   1.6358268245690426E-02
  -8.7731241886436972E-02  -9.8707039399611833E-01  -1.3414643675257043E-01   1.6169690305510428E-02
  -2.9590657258281458E-01   6.5050528943458276E-01  -6.9948707544880424E-01   1.4211823787479627E-02
  -9.7231331212245457E-01   1.7818424416317022E-01  -1.5118597223771068E-01   2.6249183913864349E-02
  -7.9704745126647260E-01  -5.9209975004407144E-01  -1.1888333115861098E-01   2.2649518400500214E-02
   8.0699935566558593E-01   4.4518622591824907E-01   3.8802224705291683E-01   2.1022156315268536E-02
  -4.1369934198892117E-01  -9.0774071258268289E-01   6.9711212568831362E-02   2.2006681268250369E-02
   3.4192026942604840E-02  -9.9190303541561100E-01   1.2230810940756606E-01   1.8372267665658949E-02
  -2.8044497272751547E-01  -2.8587246639762353E-01  -9.1631192845428071E-01   2.7949221936866797E-02
  -1.8922625840706391E-01   5.8231641035684402E-01  -7.9063330397750295E-01   1.5865313381540556E-02
  -3.0201775328840212E-01  -4.5946386110924306E-02  -9.5219441623125042E-01   2.6240586012486204E-02
   9.2275675218840902E-01  -3.5516190743322466E-01   1.4959945119916908E-01   2.5936662577179627E-02
  -9.5694633717198875E-01   2.8434659311874019E-01  -5.8315716191091597E-02   9.9540028310294612E-03
   9.7817025051071819E-01   1.8487066059718841E-02   2.0698113296699931E-01   2.2750727286141860E-02
  -4.7977410466645862E-01   7.9543830179253092E-01   3.7026303695199236E-01   2.0937194906311829E-02
  -7.0510552149100398E-01   5.2949629277865977E-02   7.0712271942162621E-01   1.2449368657465014E-03
   9.9361236748171801E-03  -2.5917379796179145E-01  -9.6577958970791009E-01   1.0150560921045030E-02
  -6.4828395589519480E-01   7.2012180112140509E-01  -2.4729032346321297E-01   3.0346267924515974E-02
   6.7899334818175134E-01   4.0191732533476267E-01  -6.1435372280200715E-01   1.4302679263667934E-03
  -7.2950106858596157E-01  -5.7246260807987461E-01  -3.7431905279096873E-01   2.7125635126074851E-02
   8.9731815993641532E-01   4.2289971371850931E-01  -1.2639601253650685E-01   1.6638029562259797E-02
   9.8408554319784187E-01   1.5291860824166123E-01  -9.0507142936024678E-02   7.5137034756753626E-03
   6.8656988388644846E-01  -3.5466854720103140E-01  -6.3469048847958831E-01   2.9461841875505228E-02
   8.9486721468302015E-02   6.3192299131382849E-01  -7.6984768605863695E-01   1.4314329875614991E-02
  -4.2770579047612722E-01  -4.1753766296657488E-01   8.0170446973782176E-01   2.9635700093447617E-02
  -5.9615011908798241E-01   6.3321350221804184E-02   8.0037206480328375E-01   7.6312427520483376E-03
   7.0062894168508362E-01   1.4102859948425696E-01   6.9944979819909081E-01   2.2701394721367105E-02
   9.5019215448110063E-01  -1.0117287069516469E-01   2.9478622728659429E-01   1.3775642509247743E-02
   4.8376862518289129E-01  -7.1770079618439739E-01   5.0087272279985173E-01   2.0418528767074644E-02
   7.7728397767177259E-01   5.6855309193609873E-01  -2.6940118727401602E-01   1.6655653745200968E-02
  -9.2991667786640554E-02   1.1389706210183123E-01  -9.8913093620957521E-01   2.7133040609553082E-02
  -6.1964115647579545E-02   9.9139515124562453E-01  -1.1530872672386258E-01   2.4722759517275405E-02
  -2.9455810402154956E-01  -4.1469597077810433E-01   8.6096618701063736E-01   2.3116677407121972E-02
  -6.8089921967384077E-02   8.6724492838631288E-01  -4.9320380849573188E-01   1.8119839082632701E-02
   3.6887124546041705E-01  -8.8736974695643553E-01   2.7660248816478953E-01   1.9664526851233105E-02
   6.0017105299068802E-01   7.9503382620643527E-01   8.7840322970743294E-02   1.9872100565569855E-02
   7.8461916551505614E-01   3.5258580906322727E-01   5.0995687303308931E-01   1.5021133808941131E-02
   2.1246173458937591E-02  -7.1054871714782557E-01   7.0332717896646945E-01   1.8829244658094996E-02
   2.8284491089603051E-01   6.4797964499499531E-01   7.0719243212323501E-01   2.2541143616849863E-02
   3.9590502084820791E-01  -6.2255465530436691E-01  -6.7504438048623214E-01   2.2387141282902578E-02
  -3.1768017805490753E-01  -8.5703482210909545E-01  -4.0567304342713397E-01   1.1996871782702265E-02
   1.2378848948692535E-01  -3.6580568226955851E-01   9.2242214451402251E-01   1.6335726396080199E-02
   2.0768328418216412E-01   9.7778634622712115E-01  -2.8311033240187768E-02   1.7381202628461139E-02
   3.1097309183351171E-01   8.0917493669455957E-01   4.9852949559766432E-01   1.7770738199327322E-02
  -9.8315518282380569E-01  -4.6124310114833111E-02   1.7685710193011647E-01   1.7920768433928948E-02
  -8.1777503266520454E-01   4.0501126773509312E-01   4.0891303348882939E-01   1.2944665705720239E-02
  -1.3726620468672674E-01   3.6271793921586050E-01  -9.2173406447950103E-01   2.0981939048319304E-02
  -4.9098861427900306E-01  -6.1546705870968274E-01   6.1654722470516087E-01   1.7654960092061138E-03
   9.4130266510580611E-01   7.7898928669138305E-02  -3.2845250733843833E-01   5.4379229920073184E-03
   4.4077538077507103E-01   7.2440002537092240E-01   5.3005817317083048E-01   1.9733505595426994E-02
  -9.4716952734819273E-01  -8.9384907704795892E-02   3.0802633773365268E-01   1.0109213267481553E-02
  -8.9247220191366505E-01  -7.5697696980679793E-02  -4.4470577630968035E-01   1.6650934090152027E-02
   9.1252596487906174E-01  -1.7966947739799497E-01  -3.6744420299287465E-01   7.3116200832127100E-03
   3.0222766195727701E-01  -5.5853509586015661E-01  -7.7246164114493325E-01   2.6098345430036062E-02
   7.7784108199491726E-01  -5.3637678082475410E-01  -3.2751061074879701E-01   2.3000591734577064E-02
   6.7294286209305917E-01  -6.2672514306677378E-01  -3.9289120555941931E-01   9.8534202919939399E-03
  -5.3334525284113816E-01   6.0902242398284194E-01  -5.8705581366500929E-01   1.5711648851820587E-02
  -8.8392957727040055E-01   3.0833240075922967E-01  -3.5156739477463041E-01   2.8736786845807028E-02
   2.1560105007202143E-01  -1.0885338120458414E-01   9.7039534655117307E-01   6.5980026052451101E-03
  -1.4940565335134714E-01   2.4000290691090486E-01   9.5920621110425088E-01   2.0598800510530610E-02
  -3.9997515229002967E-01   6.8966816163305804E-01  -6.0363706345804004E-01   2.7132043093532836E-02
  -2.6573129268511919E-02  -9.9962173356256140E-01  -7.0893293236120813E-03   2.1967952727306303E-02
   9.7938076365085677E-01   4.4253440811834412E-02  -1.9711659688361702E-01   2.5468925857553457E-02
   6.0465642668745136E-01  -1.7108253742415246E-01  -7.7789547566114318E-01   3.5723766885578793E-02
  -2.1967620452172047E-01   4.6017676114967445E-01  -8.6022073543057935E-01   1.9242672534727464E-02
   3.0055340179660001E-01   9.4472694220757560E-01  -1.3099105822771142E-01   1.8921896918762348E-02
   4.0771870630607160E-01   5.9965261771437816E-02  -9.1113644637276269E-01   6.4690698049122898E-03
  -2.3220172061255741E-01  -5.0950445972333202E-01  -8.2854545226354563E-01   2.9523414256020622E-02
  -9.5758551066031607E-01  -1.9566141464678230E-01   2.1153392302853282E-01   2.5647936235184980E-02
  -8.4110580961832379E-02  -5.0237054865386410E-01  -8.6055170792665247E-01   1.4856714821469545E-02
   6.1222352267014628E-01   6.0288857089772669E-01  -5.1157377705493640E-01   1.7665511260539707E-03
  -5.9206453439592152E-01  -3.9082776108247738E-01  -7.0477886480640048E-01   1.7615351801865013E-02
   3.3842302125539065E-01   8.6558944306742517E-01  -3.6908640551312372E-01   2.2344198093039002E-02
  -1.2872623844840287E-01  -9.3003838870877970E-01   3.4417749935593064E-01   2.2563888612754205E-02
  -2.7525249453855238E-02   9.9903061440311962E-01   3.4353924489472684E-02   1.6164183347586662E-02
  -3.0532026528050297E-01   8.6276051865354723E-01  -4.0301839047580108E-01   1.6134412166711546E-02
   1.2588271232445791E-01   2.6161369198649242E-02  -9.9170011873524028E-01   2.7737269988382728E-02
   4.0817997185665877E-01  -8.7987848266631782E-01  -2.4331659687722808E-01   2.2679684244448328E-02
   8.3911691022718493E-01  -1.8842551262796661E-01   5.1027310056642267E-01   1.5659952367954234E-02
  -6.0874067270123362E-01   5.2398887527189765E-01   5.9571004019618589E-01   1.2226988439416335E-02
   3.1078827582972157E-01   4.4398550077846552E-01   8.4040914006529234E-01   2.4686708334422320E-02
  -9.9470667709375000E-01   4.5299263457920533E-02  -9.2231248908818042E-02   9.8388756049390551E-03
   2.7010463007292351E-02   8.0844555685041203E-01  -5.8795086231500590E-01   1.8969892490656972E-02
  -7.2774803269182690E-01   5.2778264625898163E-01  -4.3798205353763322E-01   1.7626208135306502E-02
   8.8439811948892828E-01  -4.5642342768110895E-01  -9.7558294922959269E-02   2.2635242298092972E-02
   4.8237091745307774E-01  -8.0014674529140847E-01  -3.5648770525088542E-01   1.8214913396570324E-02
  -5.1277698894463483E-01   8.5277848968936638E-01   9.9139331912198986E-02   2.4192362759317318E-02
   8.5940681986542966E-01   5.1129084572924909E-01  -1.2605721946621455E-03   2.2859158842547069E-02
  -8.5734384823999363E-02  -6.2191299866677240E-01   7.7837898054106871E-01   1.4274665676808786E-02
   8.3770769579919406E-01  -3.1951157884485272E-01   4.4289746825069382E-01   1.6742383286525564E-02
  -7.4283756621861458E-02  -1.4540515783917959E-01  -9.8657957792359933E-01   2.4830278920489643E-02
  -4.8908984337762202E-01   3.3417609970508910E-01   8.0567826053006257E-01   2.9471788709059229E-02
   6.7987892951602715E-01  -6.4786156993503940E-01   3.4356953794166189E-01   2.2851160712016893E-02
   5.0483765914890064E-01  -2.4038896145333423E-01  -8.2906699675987933E-01   1.4667786990856981E-02
   6.1109843100656258E-01  -6.3614439064274685E-01   4.7104036119539234E-01   1.5066220332191542E-02
   7.7963308619741162E-01   3.8101858607711719E-01  -4.9698801592200778E-01   2.9626129781938036E-02
   8.3287299569235546E-01   2.1359286964666690E-01   5.1058854186374338E-01   2.1940435911205455E-02
   7.6672683325553059E-01  -2.9329597214722102E-01   5.7105817207020361E-01   2.2704638331520845E-02
   4.0604518594904002E-01   8.6757130814859646E-01   2.8713643489627447E-01   1.6901797990048741E-02
   7.1139959045350380E-01   6.9397581749867010E-01   1.1094227070706446E-01   2.2374892700679946E-02
   2.0718303857881497E-01   8.8318492495667921E-01  -4.2078447791537438E-01   1.2868239559934495E-02
  -3.2327386148469643E-01   7.6265102131376671E-01   5.6022980121539571E-01   2.3226106471316732E-02
  -8.5468814608903649E-01  -5.1911690695371071E-01   5.0803395258607189E-03   2.0890311925219515E-02
   2.6459680222672683E-01   5.2269420951100942E-02  -9.6294155579911855E-01   1.8809441368004542E-02
   7.2375407452310493E-01  -6.4120174001996401E-01  -2.5503013195811656E-01   2.0073792756757535E-02
   1.6138699130081386E-01  -6.8223613963941867E-01   7.1309753106344055E-01   1.4580214608687265E-02
  -7.6953778145239306E-01   3.5268150545517822E-01   5.3237896148063379E-01   2.5868339489199603E-02
   6.3793639786930196E-01   7.5563595219191554E-01  -1.4849734013966906E-01   1.9958444469468890E-02
   7.6092667432926175E-01  -3.8922072286256529E-01  -5.1913179943878571E-01   2.1643151721704274E-02
  -6.0067540336833857E-02  -9.2070870695302442E-01  -3.8560000977537942E-01   1.3434700661841463E-02
  -5.7398326641859407E-01   7.0094633585111960E-01   4.2334081320885026E-01   1.3419202147923177E-02
   9.5245856175992411E-01   1.3051233524489780E-01   2.7529841713882099E-01   1.7518266773927431E-02
   3.8813844421692692E-01   7.1917318547796362E-01  -5.7631456463492405E-01   1.5457801866761380E-02
   7.3482751997386097E-01   5.6740176618415771E-01   3.7159622121351478E-01   1.4951829085719543E-02
   2.0515910815789961E-01  -7.6694099177157903E-01  -6.0803886017283641E-01   2.0942075910114090E-02
  -9.5006690375304909E-01  -2.9520883538189757E-01   1.0111687250680925E-01   2.0759015193211634E-02
   6.9099107569893591E-01   3.8352989188858774E-01   6.1272845154469166E-01   2.2908033776145071E-02
  -2.5333251400229919E-01   9.2531173059936904E-01  -2.8217164734337774E-01   2.5944462751771295E-02
   4.7153085000908898E-01  -4.5255755767509819E-01   7.5686875644384752E-01   1.9613000597054979E-02
  -5.2091655866465398E-02  -5.1060979344865806E-01   8.5823312580173016E-01   1.6629975466776705E-02
   6.7001119720924968E-02  -1.1889811524181896E-01  -9.9064326987472401E-01   2.1370818335060657E-02
  -9.0579717866448934E-01   4.0896877844909589E-01  -1.1079715419317142E-01   2.7955460808269427E-02
   4.3730174173219173E-01  -8.8682450022639809E-01   1.4936362501021049E-01   1.7755694447299958E-02
   9.0293299556973352E-01  -2.1226001832822705E-01   3.7370802791854558E-01   2.4024527266229336E-02
  -2.7892991576156807E-01   9.5588648621999432E-01   9.2082178271568757E-02   1.3435993229015297E-02
  -9.5132349041553450E-01   2.1066603076497281E-01   2.2495208393196945E-01   2.1367943362953596E-02
  -2.9059464171520726E-01   2.2877238257160930E-01   9.2909523256710322E-01   2.8375840154443094E-02
  -3.2628070476230615E-01   5.3993810921400022E-01  -7.7589157742446417E-01   2.4986830277564138E-02
   5.9338764054465400E-01  -4.1352957282776410E-02  -8.0385386792178685E-01   1.2646628087740747E-03
   5.6342275688018839E-01  -6.8723467188106610E-02   8.2330546098466594E-01   1.8179692650536644E-02
   3.1457960268626838E-01   2.2676191227726603E-01   9.2174763830134498E-01   2.5944463665668124E-02
   8.7235116235783767E-01   6.4208260704996158E-02   4.8464497190228712E-01   1.8952721809896452E-02
   3.5194339222630564E-01  -8.5842697121880391E-01  -3.7314740217821618E-01   1.4708582068315287E-02
   4.5315545343409606E-01   4.2927140367527467E-01   7.8126576592706156E-01   1.5450336066181802E-02
  -6.2346216865417760E-01  -1.4760943072386547E-01  -7.6779318844230832E-01   1.5299751538665178E-02
   6.5152293749689782E-01  -5.2284301719612615E-01   5.4968449249061475E-01   2.2912306705142224E-02
   7.2347903069440278E-01  -5.4290453086133538E-01   4.2641852975183986E-01   1.6563310634162067E-02
  -3.6122906425030434E-01   3.4774251376249525E-01   8.6521020986982719E-01   2.1630579058897900E-02
  -1.7750533028152966E-01  -9.8391950048310246E-01  -1.9856341322794106E-02   1.7018309568171988E-02
   5.6681853833159294E-01  -4.9282471760424364E-01   6.6018220388157544E-01   1.5005122969413697E-02
   3.7743701033491339E-02   8.9853828102076640E-01   4.3726921978632375E-01   1.4064412418466138E-02
   7.8538480899929918E-01  -1.1200162083238258E-01  -6.0879088258945994E-01   3.1092621652340057E-02
  -7.8726457138755323E-01   5.6819509465949096E-01   2.3951790964949677E-01   1.4315173377389259E-02
   1.0476998739600831E-01  -3.7041220837381279E-01  -9.2293989274961738E-01   1.7364117651578505E-02
   4.1717986859926785E-01  -7.7239612967716384E-01  -4.7892084533379364E-01   2.3230902858542092E-02
   8.1256312616267010E-01   5.2346437659052398E-01   2.5637123949741891E-01   2.1913876676203725E-02
   8.6201347165658077E-01   3.1417534417512067E-01   3.9777710818373357E-01   1.9597943255807898E-02
   8.6073970397764441E-01  -4.4330681067576032E-01  -2.5021237700194358E-01   2.4164587210497736E-02
   2.7633895330828384E-01  -9.2674555502061330E-01  -2.5451809195815044E-01   1.9511449765609183E-02
  -7.5086481640679512E-01   6.2849330396168232E-01  -2.0297338337259409E-01   1.4252942372267414E-02
   9.6731849321336103E-01   2.5258104071439668E-01   2.2310324046614975E-02   1.6344781913114627E-02
  -2.1009727014659103E-01  -7.8143065779441105E-01  -5.8755873249909633E-01   8.7792436588044271E-03
  -9.1088042922021337E-01  -2.2906258671148247E-01   3.4325963210468630E-01   2.0511339592655790E-02
  -7.8653702778124578E-01   6.1521867912457874E-01  -5.3530185739005426E-02   2.9528268211776985E-02
   7.2155797580454592E-01   4.8128261908849196E-01   4.9771591105385395E-01   1.9595480980926549E-02
   9.3284577415061384E-01   2.3398174236588786E-02   3.5951535028665531E-01   1.9911608293612651E-02
  -7.7885177470110882E-01   1.8615341918461103E-02  -6.2693172043707603E-01   1.5536985765318429E-02
   6.9871464824274429E-01  -7.3963573207939576E-02  -7.1156674329913123E-01   7.6246878917029370E-03
   3.0269070234523010E-01  -3.4192271796462083E-03   9.5308270763834830E-01   2.5347502019219247E-02
   7.5291001230534781E-02   1.3003560203994002E-01   9.8864655329182937E-01   2.0802856723861617E-02
   3.8501129293131759E-01  -2.6930227125508632E-01   8.8274718408625183E-01   1.7531238565681208E-02
   1.2403648106014848E-01   7.3157775369059798E-01  -6.7037969962643870E-01   2.3916369281344866E-02
  -4.5946795067619055E-01   4.6218370602403737E-01  -7.5846913199372050E-01   1.5327768847701217E-02
  -8.6963796395171364E-01   4.2155340611247540E-01  -2.5694851127976656E-01   1.2843327960668311E-02
  -6.6997799561111994E-01  -7.4172328807896779E-01   3.1241788012706313E-02   1.8965753092557873E-02
   4.5992408385496634E-01   1.9434714832845310E-01  -8.6642889092340880E-01   2.4508987787367950E-02
   8.1662293991409349E-01  -5.6097815071839454E-01   1.3575893496427116E-01   2.4679897139172046E-02
   4.7859974663005457E-01  -3.7984343350881220E-01  -7.9161938363451165E-01   2.5213296197333092E-02
  -3.9394026795361995E-01   9.0535711917328676E-01   1.5855457119514810E-01   2.1175883214732431E-02
   9.8366076680328298E-01  -1.0207743508155504E-01  -1.4829596454100957E-01   8.5345309136549900E-03
   5.5420382078181482E-02  -6.0622283750428698E-01   7.9336148919553641E-01   2.2865164665866948E-02
   8.2826638797326790E-01  -5.5984201103571233E-01  -2.3488576653456809E-02   2.0166218415577299E-02
   1.9565486640789879E-01  -9.7226408747452790E-01  -1.2814724912471144E-01   2.3279331802322515E-02
   3.7739669352708675E-01  -3.1198590965432475E-01  -8.7191543620467335E-01   2.5863710160578765E-02
  -7.0185604873345495E-01  -4.9819867689053936E-01   5.0911311631186420E-01   2.2658596131136765E-02
  -4.9567207926296061E-01   7.1166620137696545E-01  -4.9783572356432355E-01   1.2215499504212341E-02
  -7.2485577342886422E-01   1.3742367787435125E-01  -6.7505469444062793E-01   1.5543584911911945E-02
  -3.6549865450032732E-01  -6.3248039907981734E-01   6.8291967195145675E-01   3.3550504601942447E-02
  -9.2152819840236066E-01  -2.8592847792726189E-01  -2.6273691225158795E-01   1.3142636987957641E-02
   5.3361541796981759E-02   5.1866131765892253E-01  -8.5331294577157290E-01   2.0385750371041138E-02
  -9.1289692143434528E-01  -3.3324182246685731E-01   2.3573098776924159E-01   9.9244236745705549E-03
  -3.5233335719615266E-01   8.2918999753063680E-01   4.3394141701620405E-01   1.7346778031999361E-02
   2.1266741466070020E-01  -8.3440699170905823E-01   5.0846587194085444E-01   1.5209854534632412E-02
  -2.7931545515343438E-01  -9.0370169429130111E-01   3.2450905110252561E-01   1.6519350004837822E-02
   8.8479238853775665E-01  -4.6166742084209859E-01   6.3289981187042059E-02   1.1558259090807081E-02
  -3.3902780392558291E-01  -1.6746633549213236E-01   9.2575114077284990E-01   2.3468714925708717E-02
   9.0894269059431636E-01  -3.4795905354404612E-02  -4.1546652113706139E-01   2.8101284574288406E-02
   6.5773261336507147E-01  -7.4558336289997644E-01   1.0720661492051379E-01   2.2535999784080851E-02
  -8.5887903800283567E-01   2.6814911482568595E-01   4.3637466734163750E-01   2.0533104995019306E-02
   6.8631693675573011E-01   6.7287456421730063E-01  -2.7605956449941917E-01   1.3003568731560688E-02
  -6.2217874928199776E-01   7.8284410389759120E-01   6.9794652134949624E-03   2.8972187403677210E-02
   1.3943338658360151E-01  -9.5528612946131303E-01  -2.6074267307951655E-01   1.3707066812999539E-02
  -6.8832253775304614E-01   6.4312605542525913E-01   3.3556066642911650E-01   8.8351344685789321E-03
  -1.5592330007452835E-01  -8.5667000210434842E-01  -4.9173614061649359E-01   1.7253315888772064E-02
  -3.9228154145959393E-01  -7.2531939671561236E-01   5.6570925834582634E-01   1.1927838820414962E-02
  -9.1736754451253883E-01   1.5471840666677305E-02   3.9774038067742157E-01   1.8811884231240787E-02
  -3.7586394266277505E-01   8.7683987525366884E-01   2.9979681414438804E-01   1.7546614550118979E-02
  -2.6224970774471030E-01   9.3745895107264658E-01   2.2890130152881908E-01   1.8904526111780683E-02
   2.6085144908319195E-01  -7.4215525480565558E-01   6.1738326773208829E-01   1.8631569606463111E-02
  -6.0180730083824753E-01   7.4443254037221109E-01   2.8921992582247728E-01   2.6480318134019165E-02
   7.1154037356378649E-01   1.7718860390236176E-01  -6.7993712609022827E-01   2.0699479643872455E-03
   4.9597178763056444E-01  -8.2160743319374898E-01   2.8102172797725359E-01   1.9730191594842022E-02
   3.0969513748723636E-01  -9.4007177292322907E-01   1.4266738789835096E-01   1.7876206039639759E-02
  -2.2626495971048989E-01  -6.2573249963032324E-01   7.4650050697477619E-01   1.6650175894978085E-02
   2.5569127915614209E-01  -6.6791603893632984E-01  -6.9893500033629667E-01   1.3421241610777714E-02
  -8.2267747440673169E-01   2.9767295083208317E-01  -4.8434758949196954E-01   1.5310295602880121E-02
   2.5960480286641303E-01  -9.6568571595102241E-01   7.5129446192638731E-03   1.9033628975783683E-02
   6.7083280362733423E-01  -1.1105569372016350E-01   7.3324619499171204E-01   2.0343302217995362E-02
  -5.1251433526913174E-01  -8.3665570197129905E-01  -1.9322601404198323E-01   1.4642461438133789E-02
   1.9899270756859746E-01   7.7213051291155245E-01   6.0350341620032406E-01   1.6263608027855561E-02
   5.3257270421887721E-01   7.8380212806763074E-01   3.1940654150728602E-01   1.9862163838064283E-02
  -7.9871039036716195E-01   5.9398243852134804E-01   9.6159113181063737E-02   1.4848898748374184E-02
   5.2947957105549683E-01  -5.6211585274622670E-01  -6.3535592538849394E-01   1.8323392682619108E-02
  -7.1783235968982790E-01   4.7845971593173111E-01   5.0575982799413852E-01   1.0757298452564532E-02
   3.7151396009715642E-01   5.4219568011995367E-01   7.5365855791080171E-01   1.7772705475547365E-02
   5.6173057805989490E-01   8.2608172832098851E-01  -4.5251914950692793E-02   2.1316303048037479E-02
  -2.5749112874802149E-01  -7.1737332334936141E-01   6.4735912256085672E-01   1.3003368767112208E-02
  -9.8153391200696802E-01  -6.1230929716407516E-02  -1.8122348861657515E-01   2.4232649282767222E-02
  -5.7854764680614003E-01   7.2298835376805126E-01  -3.7758503769461122E-01   1.5495134733336661E-02
   3.9861868436505570E-01  -6.8502006701821382E-01   6.0979558235316364E-01   1.4942999783186079E-02
  -8.4411903191234376E-01  -2.5983534947898627E-01   4.6898683470274580E-01   5.8423254210098756E-03
   5.3222673592879861E-01   7.7398607674613497E-02  -8.4305643766749565E-01   2.4707592711476022E-02
  -1.4262082432481479E-01  -1.6022047666720391E-02   9.8964771229840948E-01   2.2200320096187953E-02
  -6.5482249077125365E-01   2.5342921931716415E-01  -7.1202607843844045E-01   2.6446967829865890E-02
  -4.6401883831405150E-01  -5.2212080444657225E-01   7.1559512523056101E-01   2.0616239116895087E-02
  -2.7579602807848804E-01  -6.1055968187585252E-01  -7.4239708092353628E-01   1.1884246410623904E-02
  -9.6145240406857155E-01   6.0547982826029524E-02   2.6822232659952622E-01   2.7739586388614774E-02
  -1.7241370063713374E-02   9.3044306524582545E-01  -3.6603065103113792E-01   1.9634811223590904E-02
  -1.1434443959743529E-01   7.8646277807280000E-01  -6.0696099367188525E-01   1.6451938257941797E-02
   1.3219730340325512E-01   9.6680367404560740E-01   2.1866533521530699E-01   1.6123701382214880E-02
  -8.8943077416274753E-01  -1.2168680112818033E-01   4.4057374002934635E-01   2.7270903253822860E-02
   7.3363401920307467E-02  -1.2160305901588479E-01   9.8986388321660605E-01   2.2068302494752547E-02
   2.3340658220776142E-01   1.2175507939018510E-01   9.6472642133652648E-01   9.9629973921669048E-03
  -6.1821968600403698E-01   7.7148694550358900E-01   1.5037390982019482E-01   8.5417134151853044E-03
   7.4047927190595697E-01  -4.3827947932613060E-03   6.7206490682628565E-01   1.8430907062597892E-02
   4.2286036944180906E-01   6.3105355408543761E-01   6.5035414954597960E-01   1.4911199149702946E-02
  -9.3470034278866833E-01   1.8931564652912545E-01  -3.0082362801150623E-01   1.1521873283290680E-02
   6.4539383186169132E-01   2.7798231477546346E-01   7.1147216000835769E-01   1.6037972665166382E-02
   5.5858191928337319E-01  -7.3596338647409140E-01   3.8254951734290610E-01   1.9820656801297225E-02
  -5.0839786919353446E-01  -6.9672098701651989E-01   5.0607457242011300E-01   4.0445680098583522E-02
  -5.0861247272054912E-01  -5.0631181929196245E-01  -6.9639191138205500E-01   9.2050288090534273E-03
  -6.9906914538121514E-01  -3.7465161987125550E-01  -6.0904720154009552E-01   9.8757739667733233E-03
   1.0085084529981638E-01   2.8456684365397419E-01  -9.5333667636104664E-01   2.5636485442897400E-02
  -1.4176936893585525E-01   6.7816550913600961E-01   7.2110539330241198E-01   2.6350601182538646E-02
  -1.2792517185412590E-01  -6.0746781145171322E-01  -7.8397577032466898E-01   1.3997939353428772E-02
   3.8490981941337661E-01   1.0108400758068945E-01   9.1740201347641967E-01   1.6792402323635842E-02
  -4.2597369222844392E-01   2.0892703070478675E-01  -8.8028172159266606E-01   1.0317483174693840E-02
  -7.0990155866634632E-01   6.7627827769173931E-01   1.9669130160072354E-01   2.8233798402471412E-02
   2.9888613831735423E-01   8.0980269330205914E-01  -5.0486302522810122E-01   2.8511918851473989E-02
   8.5358359003950496E-01   4.5154560338891016E-01  -2.5981074434175228E-01   2.9378178407211379E-02
  -4.2315283488026045E-01   2.1702172695707906E-01   8.7968360696409835E-01   6.0603478828513601E-03
  -3.8559864101475893E-01  -9.0786940488586829E-01  -1.6458077566882032E-01   1.8968514485230347E-02
   5.0684028662009783E-01   5.2471458330754661E-01   6.8394994694293593E-01   2.2848036454071087E-02
   1.9176655229148810E-01   5.3194440617388574E-01  -8.2477920570450127E-01   2.4237182069451526E-02
   7.0231863651154888E-01   4.9739381429079934E-01  -5.0926213909322628E-01   2.0623337280814273E-02
   2.2777868927532942E-01   6.3851007013692440E-01  -7.3513383750562910E-01   1.8922638264429735E-02
  -6.9581494614661885E-01   7.1138309299225799E-01  -9.8871915748337038E-02   1.1872516811120448E-02
   9.9800813041894702E-01   1.0425030916149304E-02  -6.2218086985021434E-02   2.2077139555720983E-02
  -2.3873279588685174E-01  -9.6019180294522055E-01  -1.4504604001782858E-01   2.4724685055404496E-02
  -8.4784244525850738E-01  -1.4289555407186671E-02   5.3005565427069987E-01   6.4582552481238906E-03
  -7.6746762535675809E-02   3.6194882740831242E-01   9.2903335826978796E-01   2.4166913230695441E-02
  -7.6740498065853994E-01  -5.8251091656763387E-01   2.6790040638267242E-01   1.8930878538054917E-02
   3.7710161104429795E-01   3.0830093776545286E-01  -8.7335268175046980E-01   5.8496098118419617E-03
  -7.2783734168083276E-02  -7.9201423983654493E-01  -6.0614847350850409E-01   2.4185257132494806E-02
   8.4115010743459208E-01   2.5118194408955032E-01  -4.7893019086936678E-01   3.0403947936686819E-03
  -6.5406939360507116E-03   9.8436848778718353E-01   1.7599971469979287E-01   1.6777922739339379E-02
   2.3049204488502352E-01  -4.5029644737495084E-01   8.6261609463666886E-01   2.2278368184206818E-02
  -1.9773047464289259E-01  -9.0556581353414848E-01  -3.7530416565198478E-01   2.5966168718497923E-02
   1.5559301554176605E-01   4.5774501508500815E-01   8.7536296167900857E-01   2.0168463661509248E-02
  -6.5467280951792590E-02  -8.7757864260681532E-01   4.7494185029870612E-01   2.1320229762797957E-02
   6.6537763803372040E-01  -7.4608029858025481E-01  -2.5234636416344389E-02   1.7098172641861458E-02
   4.7225325331648706E-01   8.1899915805837366E-01  -3.2590987071837655E-01   2.5390267012851448E-02
  -2.9315476255714226E-01  -9.1741633966816422E-01  -2.6908650077611322E-01   1.3652816630017559E-02
   1.6458970727986521E-01   9.7055236983714348E-01  -1.7589293806470105E-01   2.0973928078725201E-02
  -3.5661949549288953E-01   7.8351367589752083E-01  -5.0885052335234117E-01   1.3461723193040644E-02
   8.2731262792346136E-01   5.4495890460252791E-01  -1.3628502475616754E-01   1.4274511083691896E-02
   3.4063071811705638E-01  -6.2235910451165841E-02  -9.3813506774097987E-01   2.6924498639251464E-02
  -7.1849075061720535E-01   2.6256011080782060E-01   6.4407548431073644E-01   1.4657411505871493E-02
  -6.5287135244514846E-01   5.9492317494353113E-01   4.6885542875341794E-01   2.6105082068559761E-02
  -2.2108948865605455E-01  -1.6210122918985141E-01  -9.6168738657681451E-01   9.9544671129787491E-03
  -9.8492147756625172E-01  -1.5305510448633592E-01   8.0646252357988430E-02   1.2985150282709778E-02
  -3.4123885468390917E-01   9.2540999489383324E-01  -1.6484048472571735E-01   1.2001106804734247E-02
   3.4119921166541127E-01   9.3984603600463749E-01   1.6508378638480511E-02   1.7585225449795078E-02
  -8.6621652007930745E-01   4.8022990031211358E-01   1.3801515564572042E-01   2.6830289355176009E-02
  -2.9491139613256720E-01   4.6947158247877691E-01   8.3224017066950857E-01   2.4208097382669975E-02
  -8.1495027238399924E-01   4.2196445377202316E-01  -3.9724306575964728E-01   1.1103043747492202E-02
  -8.1260486229668309E-01  -1.5774586686481065E-01   5.6106111900474617E-01   2.4506681187108707E-02
  -1.9069922558057273E-01   7.6987874305536028E-01   6.0903245098637261E-01   1.8213048845429828E-02
  -6.2295106494062357E-01  -4.9722189672046388E-01  -6.0390591660543222E-01   2.9353142049693040E-02
  -1.5471145900494143E-01  -3.1499211878537956E-02  -9.8745742394474582E-01   2.1281549946490159E-02
   1.1910092737237847E-01  -9.9288156863548966E-01  -1.0769229169008549E-03   1.6128991631606721E-02
   3.2932867135113093E-01  -9.3663074430891661E-01  -1.1943816409097935E-01   1.4062677558560281E-02
   1.0725654227265821E-01   9.9124899886533697E-01   7.6950999916704665E-02   2.1968142104200074E-02
  -6.7055462155352305E-01  -6.8962130387819602E-01   2.7345741304734882E-01   1.1492933918571364E-02
   5.1548290282665796E-01   6.5071048478944710E-02   8.5442561732619708E-01   2.4026218050695402E-02
  -8.4694012719487830E-02   4.9480422785085860E-01  -8.6486744667052111E-01   1.6445874573880550E-02
   2.0424806734763678E-01  -4.7214722270934235E-01  -8.5753118139960946E-01   2.7238600224841427E-02
  -8.3678063718344937E-01   5.2440596152533576E-01  -1.5746921207508643E-01   1.4077778687141934E-02
  -4.1353059227188762E-01  -4.4625192358548968E-02   9.0939597616342258E-01   5.2891024131845245E-03
  -3.7591428374026145E-01  -5.1156851116929002E-01  -7.7264876215527724E-01   1.4241090223366541E-02
  -7.8497855823576614E-01  -4.8513346492374882E-01   3.8529752701149773E-01   5.5565793954878950E-03
  -7.7145782961321485E-01  -6.3609523418962403E-01   1.5351552680927591E-02   1.6400637006477554E-02
  -4.7208725360828278E-01  -8.7966480568032530E-01  -5.7649411341178513E-02   1.9636316629239393E-02
   7.2797483699105791E-01  -6.5628997207419335E-01   1.9833332867346619E-01   1.7784797437674988E-02
  -4.6185811806407004E-01   8.7222428060208230E-01  -1.6097168417611724E-01   3.0488681465344114E-02
   4.7781079236484114E-01  -1.6978231403627949E-01   8.6189953738250082E-01   1.9910815117413566E-02
   6.1502939317385170E-02  -4.9288106259726163E-01  -8.6792029967521582E-01   1.4312489377081405E-02
  -5.7121084298982749E-01  -2.8776279291644799E-02  -8.2029878617548863E-01   1.5169937134576176E-02
   7.4062863088079931E-01   6.5627709484630134E-01  -1.4411663991271632E-01   2.3105492780678948E-02
   5.5057619877403771E-01  -7.0664047322510805E-01  -4.4443794948645702E-01   1.4667493832054052E-02
  -8.1936572321204810E-01  -1.0045325795932666E-01  -5.6440141264046674E-01   2.6447200178422431E-02
  -3.4614698023803054E-01  -9.1768005021363094E-01   1.9505279672950187E-01   1.6958049266238470E-02
   4.3118520297200984E-01  -4.2173110920675584E-02   9.0127728777178166E-01   1.3783401143673055E-02
  -8.5036995268349997E-01  -2.1453925645612930E-01  -4.8046212234921616E-01   1.2461836610199512E-02
  -8.0072121100223778E-02   8.4582931532924146E-01   5.2740992098383756E-01   2.2671834059921862E-02
   1.8465455824307856E-01   1.6851358741410060E-01  -9.6824886520815702E-01   1.0117799383082182E-02
  -1.9642621974327809E-01   9.6821989191200241E-01  -1.5481272913838779E-01   1.3651117515382054E-02
   3.2413001545396671E-01   7.2539274043779862E-01   6.0724385974824954E-01   1.8310393090089714E-02
  -4.8666295325755832E-01   5.5767326396506780E-01   6.7242821221687254E-01   1.8330297661799104E-02
  -8.6229063558623977E-01   5.0633334250929920E-01  -9.0225297804532882E-03   1.1112343633342400E-02
  -7.2182959537092354E-01  -4.7877377969944143E-01  -4.9973763428319033E-01   1.5701195756666574E-02
  -6.9919828919907942E-01  -5.9664012493942619E-01   3.9388109080450446E-01   3.0658642008998029E-02
  -9.3030577405595042E-01  -3.4084173479857216E-01  -1.3549198713451124E-01   1.9238702559048030E-02
   4.3900491038569366E-01  -5.7448453798740715E-01   6.9082718842749981E-01   2.1017244748144054E-02
   1.9723293017961330E-01  -5.7197933495726225E-01   7.9620274530713084E-01   1.9400574190866091E-02
  -8.8626615657895921E-04   2.4639666960875414E-01   9.6916866217290280E-01   1.0046962787453941E-02
   4.3067951380190008E-01   8.9870513186578584E-01  -8.2729936235075367E-02   2.2553184430914816E-02
   6.6253248990121988E-02  -7.8723217345943528E-01  -6.1308727932374074E-01   1.4668750933254253E-02
   1.4791952115698574E-01  -2.3588353628926697E-01  -9.6045758499184028E-01   2.4850067844333976E-02
   6.5882121987511794E-01   6.9445608813413741E-02  -7.4908738319290613E-01   3.8512725253012929E-02
   9.1352680353082007E-01   3.2340330138161963E-01  -2.4673687176065044E-01   5.1996163541342959E-03
  -4.0392341452977955E-01   9.1476607234203104E-01   6.9934316710770874E-03   1.7260639406893362E-02
  -2.7149730340984468E-02  -7.0451601111908583E-01  -7.0916858518920875E-01   8.5497964464426274E-03
   8.2563482981288096E-01  -4.4232432960402707E-02   5.6246832770766594E-01   2.0343513391880327E-02
   4.2476007776278983E-01   4.2084178574895618E-01  -8.0154292942211053E-01   2.6594957886970203E-02
  -4.8983862817774790E-01  -8.5385251136768971E-01   1.7605114931755290E-01   1.2866208124117464E-02
   6.5541458836690278E-01  -7.3383909220111132E-01  -1.7863903300592567E-01   1.3749265221934445E-02
   1.5679524202924730E-01  -9.0895395038904815E-01   3.8628741650373935E-01   2.0146311766013251E-02
   9.0112070826968082E-01   1.7388349894416226E-01   3.9717250398596885E-01   1.5666584991491157E-02
   3.8773770173873135E-01   8.9245127226386635E-01  -2.3063000950650942E-01   1.6523407224135251E-02
  -6.1814675121008511E-01  -7.6927711498416648E-01   1.6157757991149177E-01   1.6853405364437097E-02
  -3.7759452095316774E-01   7.1758652588855653E-02  -9.2318636987597457E-01   1.8893993145067010E-02
  -3.0459646019921997E-01   1.9469437254255128E-01  -9.3237068686996344E-01   2.4222984945940373E-02
   1.4695285153794723E-01   4.1272609485428013E-01  -8.9892270527070454E-01   9.9322725793307196E-03
  -5.3536585960562419E-01  -6.0739996670922060E-01  -5.8689750111102760E-01   1.5484846215383947E-02
   5.0846654775554833E-01   8.3991946841195002E-01   1.8972890237426129E-01   2.0137955213410330E-02
  -2.5743138788681814E-01   7.4960555341880139E-01  -6.0977093634770662E-01   1.7115454144693482E-02
   1.1484984333050745E-01  -6.9389995990792865E-01  -7.1085326131820831E-01   2.6473292538096449E-02
   5.5590777800678878E-01  -8.1671537056249228E-01   1.5473379022865576E-01   1.8326845408520789E-02
  -6.4104225020574183E-01  -5.9370993253659847E-01  -4.8638806467526194E-01   1.2225260690996626E-02
   6.4312306880289158E-01   6.0076247489514624E-01   4.7484436095568192E-01   2.0423014631764293E-02
  -4.8134955996075587E-02  -9.7025718030307963E-01   2.3724255537650331E-01   1.7581946026717649E-02
  -7.2320652458540664E-01  -6.4784405835491556E-01  -2.3931234579797675E-01   1.7119142624328301E-02
  -3.8626592919311718E-01  -2.9838648475325157E-01   8.7279100457164169E-01   3.0386873453478369E-03
  -2.8305999923447583E-01   3.2294784387676971E-01  -9.0309563556066638E-01   1.8268598285119313E-02
  -3.5749446046074480E-01   5.7442541347641373E-01   7.3636482472503539E-01   2.8093862877000548E-02
  -9.2294368452686583E-01   5.7944194812301272E-02  -3.8054884769176130E-01   2.6679190474771257E-02
   5.1446368780437312E-01   3.0933856133732180E-01  -7.9977294802992702E-01   2.3828080316835018E-02
  -5.6022534573651689E-01   4.9212917570899747E-01  -6.6630056011561533E-01   2.7643408891442433E-02
   6.2746273681037418E-01   7.4722636953151768E-01   2.1895950902206289E-01   1.5218915481358266E-02
  -5.5138127571245423E-01  -2.8018220384784608E-01  -7.8579680671320524E-01   1.1109842128232663E-02
   8.0793954215510144E-01   1.4556533592937201E-01  -5.7100300279243185E-01   3.0286960791996011E-02
  -9.1702093317012760E-01  -1.8727074593158899E-01  -3.5213956870254534E-01   2.7759752734436808E-02
   5.7374174014953718E-01  -8.1355338153914900E-01  -9.4611368219664058E-02   2.2302909223436562E-02
  -6.6077541889134980E-01   3.8919764206881399E-01  -6.4179517074923246E-01   1.7125273857866738E-02
   7.4912196495201968E-01  -6.5455112911847166E-01  -1.0187787294677306E-01   2.4092313366489239E-02
  -7.2879617636701770E-01  -6.6881994095068142E-01   1.4675155842287257E-01   2.3919770494583700E-02
   5.3906566429851556E-01   6.2205930255883910E-01   5.6784719218678079E-01   1.9803925748080324E-02
   3.4341982643607589E-01  -4.3960454669639812E-01  -8.2994618219163456E-01   1.0764827704380510E-02
   7.5441858850100267E-01  -6.5457559864837291E-01   4.8819862538512515E-02   1.3413350590742305E-02
   5.8731073707615948E-01   1.7163758527690900E-01   7.9095299318946263E-01   1.6730745685937502E-02
  -1.5653156609352816E-01  -4.0195832610175603E-01   9.0217923545921951E-01   5.1975134770529471E-03
   5.8189473786394056E-01   4.0744528301409737E-01   7.0383723643738687E-01   1.6552934398280521E-02
   4.4137581974704618E-01  -5.0662066607193256E-01  -7.4062330941677387E-01   1.2227192415377177E-02
  -6.4218135643272686E-01  -3.0034515740826082E-01   7.0526299482649035E-01   4.0922924770431530E-02
   7.7849249512790184E-01   6.2755970041592687E-01  -1.0874623828240437E-02   1.8830838929465347E-02
   9.6636767251720172E-01  -2.4625817739193003E-01   7.4097446523420877E-02   9.9654051895899975E-03
   5.6183876469519971E-02  -9.8952044753533456E-01  -1.3301374340393876E-01   1.6770308997694458E-02
  -2.1796260357103851E-01   8.4452283232097151E-01   4.8915589450920293E-01   1.4715736957242744E-02
  -4.2111949792459419E-01  -8.5532377412509443E-01  -3.0179398583162964E-01   2.5946713640963192E-02
  -6.7893579564548023E-01  -4.0285013475972748E-01   6.1380612111261001E-01   1.1412433482217749E-03
   1.7900610442871789E-01   8.5850506060465132E-01   4.8054747475505381E-01   2.1338064757319865E-02
  -8.1959154604753088E-01  -5.5615795801477450E-01   1.3768813813925404E-01   1.4305633824487326E-02
  -2.5250206570782234E-01  -2.8830354509776952E-01   9.2364699571716304E-01   2.7845365402596433E-02
   7.9504447064914369E-01   1.0410391372484928E-01   5.9755055421059726E-01   1.5907959018017305E-02
  -7.9124246894632763E-01   5.3167200071348990E-01  -3.0209309656633109E-01   2.9870964771367788E-02
  -9.3024380356874942E-01   3.0273924428276255E-01  -2.0735335997530346E-01   1.6884116469696266E-02
  -8.1019896637919046E-01   1.6297215226945849E-01  -5.6304325985021055E-01   2.6745408930929324E-02
   7.0121532499103276E-01  -2.1703182782648813E-01  -6.7911284313287278E-01   1.8597351005950471E-02
   6.0713786513606562E-02   8.2987321522399231E-01   5.5463887600940262E-01   1.8477697112418663E-02
  -3.9303362881917323E-01   8.7223828092071062E-01  -2.9107550208445157E-01   1.3711736143181350E-02
  -5.0244200511627852E-01  -1.6447025173077607E-01  -8.4882363762465313E-01   2.8738787513858262E-02
  -7.4030226899377593E-02   1.2036147797051759E-01   9.8996597927705547E-01   2.6395453720778547E-02
   5.9881741429394246E-01  -3.1074950355055213E-01  -7.3814121303542066E-01   3.8018156890250853E-03
   2.3707102867677152E-01   3.4525004199753821E-01   9.0807474134172210E-01   1.1555109553384514E-02
   9.6356677025612871E-02  -9.6192343785897609E-01   2.5577077724038446E-01   2.0314819594717441E-02
  -9.8866032170467086E-01   1.5014780099292477E-01  -2.5310361131150367E-03   2.1277210581166796E-02
   7.6079132314280775E-01   3.6798426966849970E-02  -6.4795249702688959E-01   1.8535934181346600E-02
   2.5904882611121808E-01   7.3232505783008576E-01  -6.2975687004157530E-01   1.1501264312165786E-02
   8.7644045672040817E-01   3.9978785304020085E-01   2.6836877311868621E-01   1.3868948703921592E-02
  -8.4993596287386203E-01   4.4774024173622253E-01   2.7773644871293030E-01   1.7359141944458693E-02
  -6.4142801572824579E-01  -6.7994623550590516E-01  -3.5530721560400850E-01   1.3461908834853786E-02
  -6.9452933800131617E-01   6.3116015142834616E-01  -3.4534889880293646E-01   9.1986310445947960E-03
   9.2416397147231492E-01  -3.4220767242550080E-01  -1.6974941167980349E-01   1.0043527679137016E-02
  -5.3968836564710898E-01  -7.7507363318990121E-01  -3.2862947390482033E-01   1.6134950341145922E-02
  -1.9265491028989078E-01  -5.2013114093531411E-01   8.3207432466728743E-01   2.9386825735670601E-02
  -8.0500873649225823E-01  -5.3626233626466079E-01  -2.5373931677039323E-01   1.4212395277715616E-02
   8.8423811192235497E-01   1.1088706276935520E-01  -4.5368162926701565E-01   2.3479464752236247E-02
  -4.2780803105009770E-01   4.5939301522545958E-01   7.7842041733956293E-01   5.4715953382805713E-03
  -7.1695703716619041E-01   6.9514277152835202E-01   5.2432185246842069E-02   1.4003137018322149E-02
   5.4759642313964240E-01   7.0975001591059116E-01   4.4316257996313836E-01   1.5700316331843469E-02
  -5.9887032987740358E-01  -6.9730390448244348E-01   3.9385478642015915E-01   1.5462919819682047E-02
   9.2264946649873174E-01   2.6899837785133358E-01   2.7632921431321193E-01   2.0971689979445793E-02
  -7.2974485498829624E-01  -1.2621278456537432E-01  -6.7196932938220088E-01   1.2435244968019998E-02
   2.7001620918894420E-01   9.2926694135241003E-01   2.5209958049304450E-01   1.9407368919618496E-02
  -5.9665121544739543E-01  -7.9826354049963423E-01  -8.2356827368073695E-02   1.8119812224400016E-02
  -6.5004675309674366E-01   5.1464724059773256E-01  -5.5908625142595012E-01   9.8692640851954838E-03
  -1.7237178333701709E-01   2.2883394346935594E-01  -9.5808297898745706E-01   1.6871104066350259E-02
  -4.6890312654607040E-01  -1.8074873439068719E-01   8.6455754749552955E-01   3.0297760469292454E-02
  -9.9904943187890840E-01  -5.7537675687824050E-04   4.3587860741474475E-02   2.7137896570105337E-02
  -4.4907836547454822E-01   3.2903018294461299E-01  -8.3070317224273466E-01   2.7763990978504877E-02
   3.3451494363237301E-01  -1.5470543959603498E-01   9.2960528152868615E-01   2.2739881496819136E-02
  -5.4994836248292813E-01   2.2537743518548203E-01  -8.0421502740968460E-01   1.6657601326717377E-02
  -3.8713714259882753E-02  -3.8632345840299642E-01  -9.2155055955479312E-01   2.6824875529945400E-02
   8.8841943330348982E-01  -3.4343100707604170E-01   3.0457520238430730E-01   1.4975625160718431E-02
  -3.3190809834810353E-01  -5.2986817046028411E-01   7.8043368468052225E-01   4.8751403262693830E-03
  -3.2400520995898047E-01  -7.9067852585456765E-01  -5.1946904881030677E-01   3.0487604361263129E-02
   4.9237475198633360E-01   6.1494203374794889E-01  -6.1596542008162522E-01   1.5513687232376529E-03
  -5.5128310396261674E-01  -8.3280240053083414E-01   5.0270279046596746E-02   1.9908115494463412E-02
  -9.2184705889244327E-01   3.8579889403473899E-01   3.6840376937873813E-02   1.9549470769395734E-02
  -7.8965607174723349E-01  -3.5205288806086514E-01  -5.0249582322715067E-01   2.7646236246248747E-02
  -8.0441512633401810E-01   2.1664291751699105E-01   5.5315653373593240E-01   8.5156530031348989E-03
   2.4071691031607285E-01   2.9860805130367168E-01  -9.2351968077811292E-01   2.0515078341522672E-02
  -6.2443497644037639E-01   1.1014123855569004E-01  -7.7327218220192373E-01   1.3613575684904262E-02
  -2.6504358300760246E-01  -9.6012779741047857E-01   8.8918568061991560E-02   2.0972584477946929E-02
   5.1213550719390346E-01   8.4002350415541737E-01  -1.7910258160533771E-01   1.2585887001616189E-02
  -8.7126276812470742E-01  -4.1566765214471130E-01  -2.6100113379097718E-01   2.4977849975073640E-02
  -2.1609678253733530E-01   1.0739826768488658E-01   9.7044721271962899E-01   7.3194936691534806E-03
  -4.4839732045933864E-01   7.9970447400933286E-01  -3.9926507141790068E-01   2.8834993162353622E-02
   3.6564368975500967E-01  -4.0268529096759078E-01   8.3913601315918331E-01   2.0966247318534478E-02
   4.7887700556259185E-01  -6.7266625915967450E-01  -5.6408945862472474E-01   1.4840235564304318E-02
   9.5596086460747962E-01  -6.8381627386027599E-02  -2.8541685019451579E-01   2.2211094660392936E-02
  -2.4192610025028034E-01   9.0026976555613895E-01   3.6192003432137602E-01   2.1823707512720020E-02
   7.8958484295530322E-02  -9.1843931234613336E-01  -3.8760132519757251E-01   1.8900476384130072E-02
  -6.6274194071060108E-01   1.7711288393567556E-01   7.2760163988760631E-01   3.5739424966358459E-02
   1.7010190806879399E-01  -2.3301876954852436E-01   9.5747981383914684E-01   2.8282455352581127E-02
   8.9490982569789530E-01  -3.1736654167299342E-01  -3.1371146312477482E-01   2.0606805713345015E-02
   7.2308490150282258E-02   9.9483589848400857E-01  -7.1225117337229377E-02   1.7024387647221628E-02
  -5.6302226227643430E-01   3.6120614974665556E-01  -7.4332768653287946E-01   1.2452127524114806E-02
   5.2968947061696489E-01  -8.4774811455733090E-01   2.7426246225287909E-02   1.6258414466503952E-02
  -1.2834938667827080E-02  -8.0209072216795824E-01   5.9706426602290996E-01   1.3885919356580065E-02
  -5.4701859669924957E-01   2.0103138806740945E-01   8.1262355114583915E-01   1.8580613691864078E-02
  -5.3818797886544764E-01  -5.9898361198783707E-02   8.4069369316679463E-01   1.8522061254792925E-02
   5.9039128144841059E-01  -3.6128494620472539E-01   7.2174186689948394E-01   2.1944247711659423E-02
  -2.9517811466375496E-05   6.6582770448765415E-01   7.4610553346386598E-01   1.3749867520919429E-02
  -5.3675281457117973E-01   6.3717096312367509E-01   5.5309093267017592E-01   2.2382020892979905E-02
   2.9723354344562711E-02   9.7456475762903753E-01  -2.2212621500841089E-01   1.4104999806642053E-02
   6.4456398628314293E-01   6.8128687564188066E-01   3.4696607999184743E-01   2.0986206487008498E-02
   1.5480927011299899E-02  -9.2919480479414087E-01   3.6926596870338492E-01   1.5145472599015310E-02
   8.6090815487015746E-01  -4.5781618493895219E-01   2.2190423539446948E-01   1.6370407971158684E-02
   9.0818684033844689E-01   2.2026072243948888E-01  -3.5592397669516833E-01   2.7834714464720300E-02
  -2.8206477563513981E-01  -7.9541953498680584E-01   5.3642075435918004E-01   2.1070092258369492E-02
  -1.2489119220009690E-01   9.5377635125274498E-01   2.7333653598053615E-01   1.3708436601273150E-02
  -3.6622661791056652E-01  -1.6820476285461714E-01  -9.1519682150169749E-01   1.6895898349981433E-02
   1.5772102160367104E-01   2.4135774025467910E-01   9.5753356106376195E-01   2.2534109405630364E-02
  -6.8329456412709372E-01  -7.9934567564609313E-03  -7.3009906402038859E-01   2.6744884759456430E-02
   5.7000548206713652E-01  -4.4124401201263747E-01  -6.9310711457638554E-01   2.6269186910599779E-02
  -4.7335868664706692E-01  -7.8016637981932843E-01   4.0898896510219833E-01   2.9605690546344591E-03
  -4.6749369017525044E-01  -4.0105436417052171E-01  -7.8778489870402159E-01   2.9874768124820793E-02
  -8.8122494094839858E-01   1.7949293624184958E-01  -4.3729268149578111E-01   1.5160559022045516E-02
  -2.0552292526402089E-01  -8.7184002985839708E-01   4.4458440090429292E-01   1.2577535467156761E-02
  -8.6307929254259860E-01  -3.2494372160723523E-01  -3.8665968573437709E-01   1.5317019239100247E-02
  -5.5141417631910352E-01  -7.8359633602796332E-01   2.8621528316614416E-01   2.8516854261373282E-02
   8.1994231916871438E-01  -4.1766523413485785E-01  -3.9147202381690640E-01   8.3220601161136276E-03
   7.8179159257289452E-02   3.5653452732631274E-01   9.3100545104850276E-01   2.2632218995093875E-02
  -5.1660505065234785E-01  -3.0559812039558815E-01   7.9983061359963505E-01   2.2230825054348337E-02
   2.8617349344773845E-01   4.2211928133670193E-01  -8.6018605195138082E-01   2.5803526682846507E-02
   8.7746079776948668E-01   4.6045767777562653E-01   1.3431781473510253E-01   1.9406227740275568E-02
  -2.8931651628899137E-01   9.5610807442816962E-01  -4.6403700452220295E-02   2.5959429420314799E-02
  -6.2618197075677333E-01  -7.4865185986294902E-01  -2.1775337476813274E-01   2.3901839532183224E-02
   7.3028147996034311E-01   6.3930480396984350E-01   2.4078689260009777E-01   1.8637308672788975E-02
   9.6053373089457618E-04   4.7003758289989692E-01   8.8264587918177834E-01   1.1232270451746224E-02
   6.1008274249792480E-01  -7.2676414964036348E-01  -3.1561514238662589E-01   2.6355967542809577E-02
   9.3296926223134448E-01   3.2956305726399803E-01   1.4476376279410381E-01   2.2267858712486576E-02
   5.8785368624518588E-01  -2.1573359442547932E-01   7.7967112284873625E-01   1.8964428272648774E-02
  -4.1041351301447317E-01   6.6556181120361026E-01   6.2336844947630183E-01   1.4838057948736702E-02
   3.2670078901606256E-01   1.8008457495761533E-01  -9.2781255667220676E-01   2.7260562991655499E-02
   8.0911585396432528E-02   7.4561799640042920E-01   6.6144320904552760E-01   2.2295609541559211E-02
   5.2628476368338894E-01   3.0667566162461197E-01   7.9307905411870880E-01   2.3862303653413219E-02
   1.6060509657648762E-01  -5.8836315283837841E-01  -7.9248646886602438E-01   8.8421032223512661E-03
  -1.3684380134660132E-02  -2.3630125228923288E-03  -9.9990357230692339E-01   8.7603039181778861E-03
   9.4952789965397439E-01  -2.1121404644899075E-01  -2.3191678326795486E-01   2.6394001385830305E-02
  -3.5169219691658208E-01   9.4040629778524333E-02   9.3138013645280555E-01   1.9770080636168678E-02
  -5.9025727881328631E-01   7.9426836997993808E-01  -1.4399340699263531E-01   1.5216827313016905E-02
   7.6235406600883424E-01  -1.5156582503829376E-01   6.2916140911554574E-01   1.8442387106565119E-02
  -1.0733237845499643E-01   9.5902100132406840E-01  -2.6221838142009530E-01   1.8973139547502114E-02
   5.9254539836238500E-01   1.9236228453924390E-01  -7.8223187250738224E-01   2.2988945182746176E-03
   6.9659295532401932E-01   5.9812302083844830E-01  -3.9624122266119403E-01   3.3544044490625819E-02
   2.2784023662229273E-01   5.5264504000509049E-01   8.0166843915278942E-01   1.3411838014893155E-02
   1.6551712408398630E-01   8.1624798838106542E-01  -5.5348288419682001E-01   1.6852351825999527E-02
  -3.3057252428526644E-01  -4.0327037655216173E-01  -8.5328471777194323E-01   1.4089326925997880E-02
   2.3541478991118025E-01  -9.3413617106370683E-01   2.6827130036869730E-01   1.6887987291671802E-02
  -5.5797904987065365E-02   7.6472413670761687E-01   6.4193737119429696E-01   1.3882836325531289E-02
  -1.3467217042424177E-01  -2.7616297268926808E-01  -9.5162882418968930E-01   1.9554758894523935E-02
   2.4189743968881680E-01   9.6325292536989337E-01   1.1674515166951389E-01   1.8378383912763439E-02
  -8.5695783296000680E-01  -3.6288642022444301E-01   3.6597365826679113E-01   2.5814624922147832E-02
  -5.2556416282617233E-01   8.0521842842320783E-01  -2.7460078892909978E-01   1.1365081675635824E-02
   7.4341066968773334E-02  -8.6502794901453157E-01   4.9618550279674362E-01   1.9873809285634308E-02
   4.0912870314156570E-01  -1.7561976415229576E-01  -8.9541688765892306E-01   8.5148987222298497E-03
  -1.4878727629200034E-02   7.1769499518536967E-01  -6.9619861918134269E-01   1.6396519466240249E-02
   1.2411368162818474E-01  -7.8067731558962902E-01   6.1248569204224532E-01   2.2383985098515561E-02
  -9.4848882797291640E-01  -6.6302502036519506E-02  -3.0979496676715201E-01   1.0322031997836882E-02
  -6.6878444939268275E-01   3.9957959743988723E-01   6.2694776940372287E-01   2.5219600125254419E-02
  -3.2934522211964805E-01  -9.4347265368228878E-01  -3.7297136896280926E-02   1.4109560566113494E-02
  -7.6794794461794548E-02   5.7406430761266715E-01   8.1520103671963024E-01   2.0079426033587290E-02
  -9.1809339353918968E-01   3.5341518108244329E-01   1.7944979944307037E-01   1.0149010162893510E-02
   9.9153157572420749E-01  -1.2983166652512907E-01  -2.9787093141074914E-03   2.5153891729577293E-02
   6.2148867148493849E-01   5.0823802495121945E-01   5.9619287249141930E-01   1.5082760704988588E-02
  -3.6640366125686725E-02   2.5906378786548946E-01  -9.6516497936205727E-01   1.2993791584604545E-02
   1.5366644122020359E-01   6.6108481904893290E-01   7.3440689462024879E-01   1.7101697957370154E-02
   8.1557589809998169E-01  -4.4592053288745905E-01   3.6876934903510201E-01   2.3864121594503324E-02
  -9.9285950399632820E-01  -1.0791722394468303E-01  -5.0831861073919331E-02   1.6869190336520450E-02
   1.4728696603225155E-01   1.1653881979881084E-02   9.8902514461049637E-01   2.5155747296313482E-02
   9.9670823843208573E-01  -1.6947958379511394E-02   7.9280856127914756E-02   6.5978515284243686E-03
  -2.2102325499556605E-01   5.7982766754643737E-01   7.8418658283524784E-01   9.8528576224908377E-03
   3.2938722716635959E-01   5.3241244714523050E-01  -7.7976986393710037E-01   5.5643866514774700E-03
  -5.0096262054517053E-02   6.1300809639833335E-01  -7.8848680285611427E-01   2.0889937688214907E-02
  -6.6731387114773763E-01  -2.6285655143608446E-01  -6.9684907314349615E-01   2.8006440045246279E-02
   2.4321621213990227E-01  -3.4538629157203457E-01  -9.0639626198833997E-01   1.2943814375452451E-02
   4.2688604808912575E-01   8.0479320478366833E-01   4.1240295765292618E-01   1.9651415021894731E-02
  -2.8090224237337304E-01  -3.0378781272115924E-02   9.5925547164351989E-01   2.8108770772369403E-02
   8.1294037471392464E-01  -5.5449923014809403E-01  -1.7792849947424082E-01   1.1230553440341608E-02
  -1.1388534879426934E-01  -2.7400791861707132E-01   9.5496062110704222E-01   2.3154133820662750E-02
   5.3370086547675423E-01  -8.1431784760164376E-01  -2.2814431675321094E-01   1.3876367079530316E-02
   2.0490847963079072E-01  -9.1136596810347576E-02  -9.7452893014893398E-01   8.9302147691410844E-03
   1.5655852900335974E-01   9.2249929315112648E-01   3.5282358358246996E-01   1.9042918514858994E-02
  -6.5539368511033071E-01  -6.9798869731443859E-02   7.5205534058453000E-01   3.8523845039215501E-02
   5.8304795171137024E-01   7.6418742210548984E-01  -2.7581274426853723E-01   2.1070894304148746E-02
   4.7488081956432601E-01   8.7831006617414111E-01   5.5313966293240621E-02   1.5156574925157759E-02
  -8.6912180914913950E-01   1.1708120295097010E-01   4.8054060471190211E-01   2.6925880270863165E-02
  -9.6793878758146387E-01   6.7866825119779168E-02  -2.4184415962244534E-01   1.8881576002931502E-02
   6.8012026826422822E-01   7.3284657773754418E-01  -1.9295444917489763E-02   1.3892596620273593E-02
  -9.6811154234670411E-01  -2.4801185633495896E-01  -3.5357611519638068E-02   2.0994852099137548E-02
   2.5295017599206475E-01   9.2735195515246786E-01  -2.7574364859499267E-01   1.6951212341203262E-02
   7.4772819227335443E-01   2.4934884779519101E-01   6.1540856557479948E-01   1.7207045420189155E-02
  -5.4802907291084421E-01  -6.9630548981676989E-01  -4.6348980581616761E-01   2.8831332943309039E-02
  -2.7895622395876000E-01   6.7845343582663710E-01   6.7962074757154162E-01   1.4674364806073825E-02
  -9.2059298667521254E-01  -3.9048385046278767E-01  -5.5601629623181549E-03   1.6437650552643814E-02
  -1.6736102695801335E-02  -3.8852938049263689E-01   9.2128433361289889E-01   2.8772127055491596E-02
   9.6740670784069937E-01  -2.3823915394030392E-01  -8.5827543100265870E-02   2.0806636988774140E-02
   4.5632134215427173E-02   1.4341257277788330E-01  -9.8861040976522875E-01   1.7919665150704298E-02
   8.5570841510797599E-01   3.5646393457576204E-01  -3.7509541674107795E-01   2.3124620536598361E-02
  -1.1486218251291571E-01  -9.8741826946514485E-01   1.0868228997784430E-01   1.7388830056653068E-02
   8.5722222867825319E-01  -1.4650254796098480E-01  -4.9366694653463287E-01   1.9783720214551546E-02
   2.9330049071337072E-01   8.7749800665863180E-01   3.7943651703206429E-01   1.7869729770490474E-02
   8.0383413489566084E-01   5.8207462985875233E-01   1.2263689840884193E-01   1.4584943490953039E-02
   6.8369243435788078E-01  -2.5755216086392995E-01   6.8281149641472449E-01   1.5894417337683838E-02
  -2.0419139050178154E-01  -1.5439181572847875E-01   9.6667939011908821E-01   5.4388066674896284E-03
  -7.8026602886496814E-01  -3.8394814565927820E-01   4.9372942554003653E-01   2.6591745160468938E-02
   3.4868317583792736E-01  -7.8435677553483840E-01   5.1303459099769108E-01   2.1000415988005456E-02
  -1.1835679768487310E-01  -7.2085027949897355E-01   6.8291034769436169E-01   2.3107786860444021E-02
   7.8879975622517877E-02   5.6862629898030494E-01   8.1880527694547247E-01   2.4087899131702967E-02
   9.6983356738997379E-01   1.8757377131756939E-01   1.5568857336792993E-01   1.3947483596742162E-02
  -1.4835258436874072E-01  -8.0643975141213690E-01   5.7240408633538439E-01   1.9962066905775916E-02
   6.2286844032583470E-01  -7.3957032501551669E-01   2.5508947528760428E-01   1.4896220150251808E-02
  -4.3436520990729432E-01   5.8241320436011303E-01  -6.8711114370906365E-01   1.4439539815091462E-02
  -7.8530732542077821E-01   9.8313390913851890E-02   6.1125026119216032E-01   2.7697220799177699E-02
  -1.5308960738334262E-01   4.7154364526111960E-01   8.6845274063996669E-01   2.2992388861381791E-02
  -1.5949718043393175E-01   9.8717851447540425E-01  -6.2633850081170336E-03   1.4724025875678603E-02
   3.7810338678256076E-01   9.1268844819303112E-01   1.5504072187188109E-01   2.0305406798624860E-02
