   0.0000000000000000E+00   0.0000000000000000E+00   1.0000000000000000E+00   1.7404553855332782E-02
   9.3146672972623214E-01   0.0000000000000000E+00  -3.6382651279575322E-01   1.4733438840816273E-02
   7.5975266700477295E-01   1.4594074054271210E-01  -6.3362227330561813E-01   2.7845785177009014E-02
  -8.1995903982469240E-01   3.0145452355773771E-01   4.8661313508406847E-01   1.2971302290516040E-02
  -5.6133263387664902E-01   8.2373284340273187E-01   7.9811508222524025E-02   1.3422074834965418E-02
   2.8759513925727798E-01  -9.4929339613675818E-01   1.2700820417093878E-01   1.6898574718583549E-02
   9.5472556784078133E-01  -2.0200933402354506E-01   2.1838342216949842E-01   1.4828819609396393E-02
   3.5186941994290670E-01  -9.0582906973920955E-01   2.3592712375740250E-01   1.5637945386517550E-02
  -7.5757352243603186E-01   4.2655117683461476E-01   4.9410166124479735E-01   1.4954455223865023E-02
  -2.0377364962908224E-01   9.7887946914400352E-01   1.6470719632060482E-02   1.5820240068655591E-02
  -7.7595293904644160E-01   6.1200508210908148E-02  -6.2781488846627073E-01   1.9713599393040022E-02
   8.6149283919131285E-01  -3.8556354279885098E-01   3.3041011256692693E-01   1.3801305476077536E-02
  -6.1111204174107154E-01   6.4544123951215315E-01   4.5820047880384642E-01   1.2373913430408889E-02
  -5.7965192779480698E-01  -5.9023720222841857E-01  -5.6180395843152695E-01   1.9629649649181628E-02
  -7.8011016305431830E-01  -6.1982641232909401E-01  -8.5107884937936031E-02   1.2629399177597426E-02
  -3.8204284125137743E-01  -5.4056546904541304E-01  -7.4955469521862614E-01   1.5328676189986003E-02
  -9.7059731815721317E-01   1.4147086541790521E-01   1.9474814562386576E-01   1.4967381958654176E-02
  -4.6046379262610708E-01   1.3981581514023937E-01  -8.7659833077473496E-01   2.0378869158165602E-02
   6.7083182389483688E-02   7.6182183522921711E-01  -6.4430376221816887E-01   2.0168936809033377E-02
   8.8964432437423273E-01   3.9304370475610506E-01  -2.3248574635944994E-01   2.1611654764103902E-02
  -3.4600628236215227E-01  -2.0406732410046330E-01   9.1577081183033950E-01   1.7319764331270941E-02
  -9.7538391970865454E-01  -7.6552257902173304E-02   2.0679932539507985E-01   1.6470068929476733E-02
   5.8459487726521981E-01  -2.9334072719920003E-01  -7.5643905718934618E-01   1.1818053915396653E-02
   5.1637798882354548E-01   4.6694302618144396E-01   7.1785651975799860E-01   1.1427096189716687E-02
   2.2062723748564190E-01   9.7033068418815897E-01  -9.8903920055745579E-02   1.8628936141072450E-02
  -6.9493535210746903E-01   7.0659779794690003E-01  -1.3335819557814869E-01   2.0158522332755515E-02
   9.1654361023594130E-02  -2.5400487487450047E-01   9.6285045653276100E-01   1.6277999908813331E-02
  -8.2853060141198415E-01   4.0132753423900338E-01   3.9047823599470614E-01   1.9465727246837312E-02
  -1.0844742527890587E-01   9.8605371859132731E-01   1.2624270276967211E-01   1.6617978022228117E-02
  -4.5507504497048527E-01  -2.1065052133655721E-01  -8.6517805179381852E-01   1.2214184617110033E-02
  -1.5164250971694968E-02  -8.3468521804760662E-01  -5.5051851219126755E-01   1.8079374410826524E-02
   4.9367339795853482E-01  -6.9510614688620506E-01  -5.2260311968939454E-01   1.3820908680412777E-02
  -6.3226885219033777E-01   7.7425092189521809E-01  -2.7777841786531807E-02   1.5131201080670737E-02
  -8.0649664230609996E-01   3.0131684897683586E-01  -5.0869570714883902E-01   1.5214773555413656E-02
   9.5325617069899610E-01   2.9955361611400972E-01  -3.9627062688356176E-02   1.7723778061041590E-02
   8.8742469017476430E-01   9.7856444623736624E-02  -4.5044592962288509E-01   2.7545001352792031E-02
  -8.7282382727659086E-01   1.7101347339618630E-01   4.5709184903607233E-01   1.7267805651799806E-02
   9.4556005680374290E-01  -2.9869138271044132E-01  -1.2922707484048090E-01   9.4558697795754209E-03
   1.2870855753993697E-01   9.7491435872240188E-01   1.8159322777261426E-01   1.5504557435140671E-02
   9.0091852058173333E-01  -3.2630216259517204E-02   4.3275985056342509E-01   1.2595705621410606E-02
   6.5257393297474770E-01  -7.5127877852784674E-01  -9.8627881126870509E-02   1.5920629167093506E-02
  -2.8420910753546335E-01  -9.0690129453073335E-01  -3.1105501952608904E-01   1.4652319462486751E-02
  -8.5549697154633967E-01  -5.1450659989278610E-01  -5.8377138862790109E-02   1.7848063387262995E-02
  -9.8151146244840283E-01  -1.9119373654630710E-01  -8.9556790841838598E-03   1.8067174741984530E-02
   9.1164028841568569E-02   3.7830559164533825E-01  -9.2118076357208202E-01   1.5508099001417536E-02
   3.1006683492084814E-01  -8.3304343001741933E-01   4.5814539350186684E-01   1.6106060541291162E-02
   4.1223672683779080E-01  -9.0576024534811434E-01  -9.8281529256459005E-02   1.6522701846259126E-02
   3.5896183723437031E-01   9.3049371980928547E-01  -7.2992032474813548E-02   1.5183074536740397E-02
  -1.5263091206207741E-01  -7.9474300014197210E-01   5.8744137444381276E-01   1.6259394155307553E-02
  -6.3642421362653962E-02  -1.2684576460186161E-01  -9.8987867650822121E-01   1.1661505434473811E-02
  -7.3960423528976253E-01  -5.1946327339858466E-01  -4.2795266412475214E-01   2.0048187631784597E-02
   8.2663416998583940E-01   5.5726985102832440E-02  -5.5997361736350672E-01   1.1708473029244836E-02
  -6.4990930051030755E-01   3.3929093251210309E-01   6.8007320504874346E-01   1.4750602974363484E-02
  -4.1460019508377223E-01   6.5393076199884658E-01   6.3283586872751289E-01   1.3871364995542057E-02
   1.8755911945236029E-01   8.4507732672475910E-01   5.0066544574794660E-01   1.6924600065417918E-02
  -7.1865730595466246E-01  -6.9509319768868538E-01   1.9419658207730529E-02   1.7748556507974109E-02
   7.8635560113851781E-01  -3.1267522649054231E-01   5.3280303236483970E-01   1.3709907191442647E-02
  -8.9317974320027442E-01  -1.8696824925648913E-01  -4.0899000000813598E-01   1.6554020500498214E-02
   2.7084647167309245E-01   9.6251284985264238E-01   1.4532812899820788E-02   1.3543764587608428E-02
   5.5048486258756685E-02   8.8793091525926080E-01  -4.5667094705867921E-01   1.8930177137506605E-02
  -7.6039605373740473E-01  -4.0476303317120212E-01  -5.0790228237194421E-01   1.3006009089873082E-02
   1.1001356853463182E-01  -6.5605805101129703E-01  -7.4664907985045712E-01   1.6892573251257152E-02
   8.9992743346264258E-02  -9.6951294858005141E-01   2.2791653884838658E-01   1.5486168069098655E-02
  -9.9360151065161677E-01  -7.8644024050926120E-02  -8.1062664105630126E-02   1.6903135864288369E-02
  -8.0046398577978550E-01   1.9502775215903803E-01   5.6676413379582530E-01   1.6958470067485668E-02
   5.7832660027331534E-01   4.7180702945305936E-02  -8.1443988402207789E-01   1.0282493526999132E-02
  -2.0471270464657047E-01   7.7164114446578704E-01   6.0221478952597662E-01   1.6393183611979464E-02
   7.8526379927822906E-01  -2.0764577936124819E-01  -5.8330437668217536E-01   1.1429205403872941E-02
   9.0672814159210872E-01   4.0985051634019029E-01  -9.9330919157129500E-02   1.7523829335185054E-02
  -2.6626092267445637E-01  -6.4092089508724869E-01   7.1994828098767431E-01   1.6651175996934670E-02
  -3.2626583395204273E-01   7.0172620250183834E-01  -6.3334898935573189E-01   2.0000018644639223E-02
   5.6513229366731430E-01   3.4556545191452143E-01   7.4913951243906033E-01   1.9094237046639001E-02
   6.0575972859818358E-01   6.2031964206990561E-01   4.9825565011439572E-01   1.6810943883560307E-02
  -3.4461407999958293E-01  -7.2899194358257819E-01  -5.9144896826162094E-01   1.4231396921899803E-02
   8.4322945367089801E-01   1.9270799465404884E-01   5.0182438886356841E-01   1.3096341311657493E-02
  -2.4752861418874720E-01   4.3159824379801392E-01  -8.6744022336312518E-01   1.5024382888677656E-02
  -5.3140530028280004E-01   2.3644960967743622E-01  -8.1344943845007051E-01   1.3626076049895534E-02
   5.1590983898678111E-01   8.2159759337138726E-01  -2.4251687075949592E-01   1.3875243802359968E-02
  -4.6346797667589454E-01  -8.6351477469614330E-01   1.9884584098597963E-01   1.6229435449307998E-02
  -9.5081834977013652E-01  -2.9945145225726005E-01  -7.9204125406524772E-02   1.6726513920695584E-02
  -5.4355000596190174E-01   3.5429965552603226E-01   7.6093701783587288E-01   1.2844895481903046E-02
  -5.7487136305154207E-01  -2.3884537943246586E-01  -7.8260833158548956E-01   2.0279568298783248E-02
   7.1580716208941623E-01   6.8605456065312839E-01  -1.3018927186423323E-01   1.2851101590759357E-02
  -8.1074110051523682E-01  -5.9502188954146708E-02  -5.8237303976489815E-01   1.4998492627888060E-02
   9.1654289425426469E-01   2.7074757946525336E-01  -2.9435500880012583E-01   1.9889016077647310E-02
   6.8772194011902829E-01  -6.8356996450414797E-01   2.4448034012312227E-01   1.8737201326649834E-02
  -3.9603845582843826E-02   3.6120607238264024E-01  -9.3164462575005337E-01   1.6965908969917822E-02
   5.2846057108205428E-01   7.2044621531818613E-01   4.4909539704313488E-01   1.7806616970348501E-02
   1.4381878323518191E-01   5.1892255190760323E-01   8.4263606777211510E-01   1.2797229228906845E-02
   8.6888912539347309E-01   4.7910650190374663E-01   1.2445339531937518E-01   1.4384148107245833E-02
   9.6797724733230960E-01   4.0590490018379314E-02  -2.4773465798517695E-01   2.5131744103438466E-02
  -5.0749348036041439E-01   5.4901321544842760E-01  -6.6410455250257980E-01   1.6366654137693091E-02
   4.3387932910871782E-01  -3.6201563124102600E-01   8.2504145987297548E-01   1.6378153390593908E-02
   6.4761948105737872E-01   7.6071556207702881E-01  -4.3598639529249787E-02   1.5532928015665472E-02
   1.4225192901761188E-02  -9.9133981214564705E-01   1.3054892087620271E-01   1.7268650474211235E-02
  -8.3228860378340137E-01   4.8437756862928420E-01   2.6958125124173468E-01   1.6441632837255106E-02
  -7.6446534143125566E-01   5.9339938257608615E-01   2.5193236097951694E-01   1.9014739814689454E-02
   3.4189163566505542E-01  -3.8183644982300265E-01  -8.5866817516945310E-01   2.2125298152964649E-02
   8.5032016455020240E-01  -3.8724957575803484E-01  -3.5636131079922068E-01   1.8902275231934373E-02
  -3.4244025464359340E-02  -7.5857245315217216E-01   6.5068823566950397E-01   1.5861810007320745E-02
  -2.6151176260016804E-01  -3.8423644989860852E-01  -8.8542303369127886E-01   1.5656297931842755E-02
  -9.2536919858470128E-01   1.7445804976058925E-01  -3.3653563731711892E-01   1.3523013043440392E-02
   6.7083137274326567E-01   3.6821154929990376E-01  -6.4374336835850218E-01   2.1588950135866675E-02
  -3.4720366659441763E-01  -9.1734244520937373E-01  -1.9476255317868353E-01   1.6105264955719469E-02
  -9.9488991502513162E-01  -8.0653184214484667E-02   6.0738133469434858E-02   1.4137174313085743E-02
  -2.9824647706548930E-01   3.6263204365243080E-01   8.8291961119599449E-01   1.4443464445530233E-02
  -8.7504489345940523E-01  -4.0639586999219572E-01   2.6294263877109127E-01   1.6717599347562579E-02
  -3.7835880858006882E-01   5.7008727959916214E-01   7.2927711167230357E-01   2.0362526433025789E-02
  -1.4662062178052979E-01  -6.8034599698024251E-01  -7.1807500838119322E-01   1.4829714168778873E-02
  -3.5516200909637540E-01   9.1299028855182378E-01  -2.0077021767354792E-01   1.8273592576833177E-02
   7.2189023903308822E-01   3.9131917814303186E-01   5.7073968112109820E-01   1.6980631594364476E-02
   6.0682338945357816E-01  -1.5872619523851303E-01   7.7882691848521545E-01   1.3555857269914939E-02
   9.1095226075685040E-01  -2.5121138283118997E-01   3.2719844094681223E-01   1.3700680211086402E-02
   2.1234823407902920E-01   6.1156327726975661E-01   7.6216703246636994E-01   1.7108134971087789E-02
  -6.8391360011853716E-01  -3.7266947283096252E-01   6.2719984980291094E-01   1.8809453146107095E-02
   8.4695795725693692E-01   5.0740455886239814E-01  -1.5875399927186548E-01   1.0623829798679813E-02
   7.5195170933967787E-01  -6.5109039161139472E-01  -1.0319849210360212E-01   1.3839035206046919E-02
   2.7635344955856950E-01   5.0788331382577691E-01   8.1589417846582694E-01   1.7123913535899548E-02
   1.8296445625771431E-01  -1.5643466952247784E-01   9.7059373680119733E-01   1.6371924228165289E-02
  -8.6564544513305001E-01  -4.9543466179126829E-01   7.2128075089906946E-02   1.2198812203786086E-02
   3.4018251812853845E-01   8.4565774313571111E-01  -4.1126492171633390E-01   1.3982173676952642E-02
  -7.6664181456292004E-01   8.6491234707662698E-02   6.3622291257264329E-01   1.8774551769269701E-02
   8.0027671851624120E-02   6.1694949905492322E-01   7.8292329595809571E-01   1.6029998561978113E-02
   8.1103109951074934E-01  -7.8210681136044319E-02  -5.7975136479582447E-01   2.7418380937610460E-02
  -4.1720065249101203E-01   2.7270558454650850E-01  -8.6693441488858944E-01   1.4866421616305411E-02
  -9.3491030058467803E-01  -6.9768049278033652E-02  -3.4795854517543474E-01   1.2537230450674732E-02
  -9.1615415485117850E-01  -4.0079490114254561E-01  -5.0011765675506687E-03   1.8115833290752064E-02
   6.0155759100326307E-01  -7.9867762141881435E-01   1.5573109873619729E-02   1.5809146323413778E-02
   4.6313726961485093E-01  -8.6159722608643924E-01  -2.0773562403654897E-01   1.6559157457939129E-02
   4.7688271100921362E-01  -5.3734416578701003E-01  -6.9558905068665737E-01   1.2384058596753093E-02
   4.2461303603283058E-01  -7.7367352070165100E-01   4.7024786336154047E-01   1.5528476788139611E-02
  -5.8911751120053876E-01  -3.6368786268853954E-01   7.2157584253488220E-01   1.3948029744066563E-02
  -9.7283494823940479E-01  -1.8684180585693745E-01   1.3668322160438293E-01   1.6474893016791238E-02
   7.4162566893661674E-01   5.7377149992605360E-01  -3.4753076561208571E-01   1.0929373913759450E-02
   2.2320950135746895E-01  -9.7476254151815062E-01   3.9377857769920993E-03   1.6408422686018367E-02
  -1.3074246159220725E-01   6.5965173140791879E-01  -7.4011215500581064E-01   2.0891014814223511E-02
  -1.5275586198216339E-03  -3.5533563253247768E-01  -9.3473753258195806E-01   1.2205762533819002E-02
  -7.6413071553362286E-01  -2.8621170077797902E-01  -5.7808919027763376E-01   1.3733999342715121E-02
   5.1104732390664668E-01  -2.1196466653471364E-01  -8.3300757071510602E-01   2.4863545776225564E-02
   9.1817510626864855E-01   3.9408066361707344E-01   4.0680521035047325E-02   1.4031642141307269E-02
   2.0788056624359758E-01  -7.3433810132621912E-01   6.4616810747579052E-01   1.6247565298617163E-02
  -9.0587005925238788E-01  -3.9960692625104305E-01   1.4040562753062559E-01   1.6417087874198346E-02
   3.9688018236671878E-01  -8.4684696614953640E-01   3.5402872308315020E-01   1.5741816921798772E-02
   2.8404106683200565E-01  -9.5259941300072785E-01  -1.0897261446622674E-01   1.6727263399637839E-02
   6.9347158456516098E-01  -6.8850265326085278E-01  -2.1227637139693773E-01   1.6988776459890151E-02
  -5.8812856160951696E-01  -7.9693300842628280E-01  -1.3784982807299719E-01   1.8571592397688476E-02
  -8.8106043695389129E-01  -6.4241216455655019E-02  -4.6862092627508182E-01   1.9271815040996418E-02
  -2.5657797141836087E-02  -4.5112952850536691E-01   8.9208958404207017E-01   1.4953240242971648E-02
   5.4102674614942110E-01  -5.0676994298324995E-01   6.7117381119924779E-01   1.7505870701879366E-02
  -7.4738512705315223E-01  -6.4689380265524079E-01   1.5147237354047722E-01   1.3413419474657473E-02
   5.4192146792538533E-01  -7.3145784189145981E-01  -4.1387262308237273E-01   1.5034489228754921E-02
  -2.6441566673636334E-01  -4.1753831395272387E-01   8.6933659279123922E-01   1.5282010601172810E-02
   4.5311046586216976E-01   3.7413589502358806E-01   8.0914352112654661E-01   1.7844403650624012E-02
  -9.6338313886608091E-01   1.6344573497113731E-01  -2.1255215705393837E-01   1.7156241605254942E-02
   1.4298672018181266E-01  -2.1335432357591730E-02   9.8949461705345456E-01   1.7048476563332471E-02
  -8.3947375409353277E-03   8.2955887697503438E-01  -5.5835615695856581E-01   1.4130052300213115E-02
   2.5402575455315008E-01   6.9845203016931236E-01   6.6905581050915987E-01   1.7184037960789710E-02
   4.9663741995616081E-01   6.5747138365144515E-01   5.6664155581702804E-01   1.3629545345639706E-02
  -1.1969545316408332E-01   4.5986858928198213E-01  -8.7988287804891633E-01   1.6504769896005527E-02
  -2.3254061590396766E-01  -9.6298118437113533E-01   1.3635285293006802E-01   1.4039006154756716E-02
   8.4649673965806258E-01   3.8209764294557126E-01   3.7073529775799487E-01   1.8604652028377744E-02
  -5.4355875309110022E-01  -6.9690026991920124E-01  -4.6783960469865384E-01   1.5106631010505148E-02
  -5.4312610359563802E-01  -7.9753957344738317E-01  -2.6257316004951114E-01   1.6040568492104235E-02
  -2.2862769654335455E-01   9.4737043920514629E-01  -2.2409513000850327E-01   1.6056724195457783E-02
   5.9398323857189421E-01   3.1422236373427168E-01  -7.4057289879180121E-01   1.7730515276103258E-02
  -9.8542610836917123E-01   1.4896943969146430E-01  -8.2118761451945818E-02   1.6494032021359659E-02
   5.8610987891736820E-01  -7.7159927555838425E-01   2.4720389922742884E-01   1.5283969569865247E-02
  -9.1305233806245240E-01   5.5116372241691404E-02  -4.0410099414577604E-01   1.7220062351261560E-02
   1.3726141851971864E-01   6.8076938589450666E-01  -7.1952230418158045E-01   1.4625340565784750E-02
   3.9238726420762430E-01   8.7414830178828282E-01  -2.8617648640011928E-01   1.4679844485668587E-02
   4.1383126646943750E-01  -4.6302327707605099E-01  -7.8380681789459814E-01   1.3476731305469804E-02
  -1.3775717422473157E-01   1.2696063112344111E-02   9.9038465806527131E-01   1.2462166497944215E-02
   4.4084722481917655E-01   8.8343700733498060E-01  -1.5872233125884884E-01   1.8509343710628296E-02
  -4.7754977076442548E-01   8.6031054029503142E-01  -1.7835916208626898E-01   1.3637759044386481E-02
  -8.3243518046226174E-01   5.3464252116195618E-01   1.4563325476809607E-01   1.2753778959259944E-02
  -3.2290034164131489E-01   7.3621024290731522E-01   5.9475192106144048E-01   1.8281507426126788E-02
  -3.2839134450062221E-01  -8.2664924994220818E-02   9.4091744326097686E-01   1.0885310034662838E-02
  -6.1420334065598876E-01   3.1670925209592457E-01  -7.2280668644103140E-01   1.5140052262377235E-02
  -4.7668396824845702E-01  -8.1630107457326062E-01   3.2622837103085329E-01   1.7340560624755283E-02
  -8.0460187509204654E-01  -4.2753196528216612E-02   5.9227357427542077E-01   1.7277973085781692E-02
  -1.6829234512520314E-01   6.5533935314349598E-01   7.3634775669769227E-01   1.8863894962290475E-02
   4.9529006443050604E-01   3.8960726476251416E-01  -7.7646244681935350E-01   2.0686455679950408E-02
   2.1641597641435077E-01  -5.3539648808211861E-01   8.1640353116700623E-01   1.5650162385193078E-02
   5.9529886569842620E-02   4.3296862253236545E-01   8.9944114010167872E-01   1.5154413116905757E-02
  -3.6217537643828396E-01  -2.9923088803337677E-01  -8.8277396447139508E-01   2.0570283650598457E-02
   7.5498905534428395E-01   2.8298256794386693E-01  -5.9153393186717559E-01   1.8524987038236307E-02
   8.0669421403274093E-01   5.8666854043699458E-01   7.1165080676020568E-02   1.4520473607967887E-02
  -3.9264285904557683E-01  -4.1378108078305793E-01  -8.2135059653385518E-01   1.1612426557370321E-02
  -8.9647389415561224E-01   4.1148625146243151E-01   1.6435821231343643E-01   2.0319567526432491E-02
   7.6880826066283516E-01  -7.2500611526125942E-02   6.3535621478421377E-01   1.2055613406765299E-02
  -6.9273783820647691E-01   6.2581960185700644E-01   3.5841890777211342E-01   1.6409351912626730E-02
  -1.2528208329710832E-01   1.0523754403492708E-01  -9.8652392719600729E-01   1.1697809656575548E-02
  -4.7372487643083598E-01  -6.7033548927870398E-01  -5.7116991628067195E-01   1.4697330576558012E-02
   5.1064710547656355E-01  -7.8017572297863164E-01   3.6133831092644577E-01   1.7435823531714220E-02
  -3.4059677368897913E-01   1.7523327489482478E-01  -9.2373542593228137E-01   1.3371719890848308E-02
   5.7749826159521191E-01  -2.3468185879753717E-02   8.1605453378191672E-01   1.7491561955384056E-02
   8.6331064343917933E-01   5.0443681152449109E-01  -1.5434898886461296E-02   1.8628430244646530E-02
   5.4889336631608305E-02  -8.9020370659429950E-01  -4.5224387391087148E-01   1.4714689012110724E-02
  -6.5314590256424773E-01  -7.1949553730860689E-01  -2.3606482532671675E-01   1.2862848066751892E-02
  -3.7417297372368549E-01  -7.5444224362263279E-01   5.3926940092352912E-01   1.6355429289159122E-02
  -4.9229581742925558E-01  -4.5306326393448719E-01  -7.4322170784678389E-01   2.0562370797284472E-02
  -4.9704040457682419E-01   3.6031508496650186E-01  -7.8938195809360216E-01   1.8639770318403019E-02
   1.5937816643351021E-02  -9.9273455940505321E-01  -1.1926474987814976E-01   1.7433485332298726E-02
   5.0823290059436159E-03   1.2741019380409857E-01  -9.9183708967081756E-01   1.9891347959365965E-02
  -9.2778208922816602E-01  -3.0579025638985797E-01  -2.1380531799851025E-01   1.8166032286526213E-02
   1.5745671773657181E-01   7.7914292500596911E-01   6.0674845236948762E-01   1.5520992366505326E-02
   3.7012776007093641E-01  -7.5007917384032669E-01  -5.4807542746950845E-01   1.9074144664741812E-02
   8.9560536755102315E-02  -7.0673825098519706E-01   7.0178341021323848E-01   1.5698304903190642E-02
   8.9693722706194130E-01   9.9674329475977145E-02   4.3077678530063581E-01   1.8792621987228624E-02
  -7.6642570304963353E-01   5.1869915943410074E-01   3.7887045768604385E-01   1.2537270748740367E-02
   7.9262085976164122E-01  -4.1822876506987798E-01   4.4366301709613074E-01   1.4958723802683298E-02
   4.7415221104600471E-01  -8.4601260217869196E-01   2.4380803455797601E-01   1.5921895565337664E-02
  -8.9551607418001761E-01   4.0156365082841469E-01  -1.9182699293520785E-01   1.4229165711730471E-02
   2.0068087765794988E-01   4.1194001576451988E-01   8.8883778539976692E-01   2.0549103477763965E-02
   8.7909312744602203E-01   2.3417925523563578E-01  -4.1515701812019862E-01   1.9849407549201409E-02
  -6.7417175323055804E-01   1.0585399703734814E-01   7.3094964153302139E-01   1.6384594543719932E-02
  -6.3334466954468382E-01   6.1894717038596125E-01  -4.6452010702503185E-01   1.2024697094949954E-02
   7.1927981092613970E-01  -5.3536823233202737E-01  -4.4273853390430923E-01   1.7820649871527784E-02
  -3.1640103839007673E-01   5.1944427787164251E-01  -7.9376824394283316E-01   1.6915456313346819E-02
  -6.2279870679223652E-01  -7.8233815891115092E-01  -8.2931254318661515E-03   1.2883745173557155E-02
  -8.1071043536486815E-01   5.8524248440262383E-01   1.5486266197847218E-02   1.8919104505528256E-02
   7.4911862234725266E-01   1.1868416138867492E-02  -6.6232954814873599E-01   9.9872271779848151E-03
  -2.8407327665447251E-01   8.7809832314694720E-01   3.8502689305723954E-01   1.5241893442517469E-02
   7.9242624659497113E-01  -5.0578751232141714E-01  -3.4093934370664573E-01   1.8466215844314955E-02
  -2.4032227109817325E-02   3.3902401347497663E-01   9.4047071743221284E-01   2.0018600627393223E-02
   7.8124452685890375E-01  -4.1992952912874086E-01  -4.6186164575413855E-01   8.7441587113765333E-03
   6.1511156057394451E-01  -7.0057057476785109E-01   3.6171623936136638E-01   1.4758530874270643E-02
  -3.7056201588022439E-01  -8.2733157237059451E-01   4.2214483503364581E-01   1.6409788254404078E-02
  -2.7051298952057911E-01  -9.5786002580205416E-01  -9.6575843103372562E-02   1.3597855219112175E-02
   2.0548281398917360E-01   7.5435504243506699E-01  -6.2347837421026799E-01   1.3047435422022051E-02
  -3.2735778595352571E-01  -1.7930451366439483E-01  -9.2773205795379336E-01   1.5218421252603993E-02
   2.0157893484229671E-01  -8.1712238728009882E-02  -9.7605790969076302E-01   1.3005420577582889E-02
   5.9576954923032010E-01   6.1588843419852148E-01  -5.1549983591694257E-01   1.1837695968530061E-02
  -8.8724331565256733E-01   3.6724207904745966E-01   2.7916402742247781E-01   1.1721438307571485E-02
   4.4083044534558908E-01   8.0706776122256549E-01   3.9282330283679161E-01   1.4440678939231426E-02
   4.0405285155383712E-02   9.6692875083297842E-01  -2.5182574082902711E-01   1.7898102470303762E-02
  -9.2056101851537022E-01   3.8446500748638761E-01  -6.8949758581419677E-02   1.9199970670284184E-02
  -3.6122104141472615E-02  -8.3971552551962940E-01   5.4182379958219373E-01   1.5819522328077020E-02
   2.0996849725497144E-01  -2.9312360990344398E-01   9.3273349863595154E-01   1.5145629693532840E-02
   2.7086319763259716E-01  -5.7617708837880172E-02   9.6089194387117125E-01   1.4187076165560332E-02
   6.9693751100669540E-01   5.4069569842961850E-01  -4.7109050876821889E-01   1.5489324907764987E-02
   7.1014093309188162E-01  -3.0207667956611752E-01   6.3596346971323818E-01   1.4949290510311019E-02
  -5.0062502393347223E-01   6.5275863336311079E-03  -8.6563963404425265E-01   1.3393698995741369E-02
  -6.1590068756324019E-01  -2.5966983999734831E-02  -7.8739574471868047E-01   2.0060611287068512E-02
  -8.4588916764055142E-01   6.5054044012880476E-02   5.2937650819236905E-01   1.3248324534825355E-02
   7.4926026159318483E-01  -6.5021358354684153E-01   1.2582271721945457E-01   1.4300876841261011E-02
   2.9088162656544840E-01  -5.0678413929902994E-01  -8.1151569022513712E-01   1.3591719955699050E-02
   4.0033851952122700E-01   4.9162833506903158E-01   7.7332441442437609E-01   1.8798859637203902E-02
   9.4141808631802810E-01  -2.2262347827827428E-01  -2.5331950906431277E-01   2.0177314816534890E-02
   9.7542660046277305E-01   7.3677359649443650E-02   2.0764053983922377E-01   1.8482949771658169E-02
   8.3263762566839822E-01  -5.4202904304614394E-01  -1.1366222246539809E-01   1.8431454315814242E-02
  -2.5700480330939257E-01   5.6537517031984325E-01   7.8377257406833811E-01   1.4112394813302387E-02
   4.2103123532859303E-01  -8.9827334654568353E-01   1.2584789932016025E-01   1.5975061223146784E-02
   9.6791682565248873E-02  -4.9891354166629762E-01   8.6122973016970316E-01   1.6657817019108252E-02
  -8.5963441398217117E-01   5.0209100298228150E-01  -9.4516131013578128E-02   1.3343861798873730E-02
  -1.6205440461565570E-01   9.2272620831296219E-01  -3.4973520617325508E-01   1.8600510340975374E-02
   1.6657099173316658E-01   2.6962619710066153E-01  -9.4844916497937017E-01   2.0901421607115446E-02
  -3.8575151222552115E-01   8.7646842906597584E-01   2.8809523367515810E-01   1.4826935754944033E-02
   1.2826666834192432E-01  -3.3105192224337134E-01  -9.3485415256682244E-01   2.0629570138723765E-02
  -5.8921736190910607E-01  -3.6212045909272783E-01  -7.2228226721368802E-01   1.3059655838376140E-02
  -2.6720513008262498E-01  -7.3642483658959072E-01   6.2151418206789310E-01   1.5951496853824815E-02
  -2.5492474396456565E-01   7.6425769145763764E-02  -9.6393592978220237E-01   2.0148117916648455E-02
  -8.7264996658624411E-01   1.8051393720635420E-01  -4.5375847572391112E-01   1.7996151540097322E-02
  -8.2626706438854746E-02  -7.6436409168171683E-01  -6.3946881294606647E-01   1.5766010194961199E-02
   4.1292406721286569E-01   7.5270387383969854E-01   5.1276758187613236E-01   1.6642468224873598E-02
   5.4647913500017013E-02   9.9812899747665646E-01  -2.7424622993568421E-02   1.5862234987518981E-02
  -7.9149535145183627E-01  -5.2747797519625834E-01  -3.0871037286263911E-01   1.2351168237176017E-02
   4.6991072809007148E-01   9.5896565986029376E-03   8.8266185264357019E-01   1.2967032638499940E-02
  -3.7911705251741691E-01  -4.4900582850502352E-01   8.0911311104135723E-01   1.6094839521241453E-02
  -3.4928560941141286E-01   8.3370294900398373E-01  -4.2771363770653714E-01   1.9535532989208487E-02
   8.5261867357235114E-01  -2.9611181055376114E-01   4.3053361439764241E-01   1.8547689588440590E-02
   4.8346407533138435E-01  -8.7525197240808818E-01   1.4016870539490069E-02   1.6126916119199559E-02
  -5.6921592146949038E-01  -7.9091753178397556E-01   2.2459450719548481E-01   1.3668008742468187E-02
  -9.4995740374016026E-01   2.7645731880393498E-01  -1.4543824104751030E-01   1.4130121842075825E-02
   2.0848722575679294E-01  -9.5128423481318531E-01  -2.2713736216687969E-01   1.7769013575147289E-02
   4.1794802599481464E-01  -6.5243058425899551E-01  -6.3218176206728990E-01   1.2314003199874798E-02
   6.3112077394842689E-01  -4.0901461608954301E-01   6.5908543643131896E-01   1.5138098306379593E-02
   3.6389366562710048E-01   9.0846662726914395E-01   2.0559617519472053E-01   1.4677590394479304E-02
  -6.7847186005659629E-01  -6.3626749435739515E-01   3.6720513440787372E-01   1.4524007621043582E-02
   6.3252584849541415E-01  -5.2216867434469707E-01   5.7205849920987814E-01   1.5219320467370247E-02
  -6.5757672662388202E-01  -1.3373453458982411E-01   7.4142290419211045E-01   1.6432996008600233E-02
   2.1389441787410188E-01  -9.4639174103783219E-01   2.4205753551104307E-01   1.6360796657002179E-02
   1.8471873036267636E-01   9.5390740661483768E-01  -2.3651564484945954E-01   1.4809127576848084E-02
  -9.3387598047314117E-01   2.5804029830448986E-01   2.4756990436290702E-01   1.7012322607790242E-02
  -7.8497211354236089E-01   6.0924093105574330E-01  -1.1244673800146438E-01   1.5537828843932910E-02
   9.1909390151430141E-01  -1.3405804254712365E-01  -3.7053318532575896E-01   2.6882660810654885E-02
   8.1152258716514076E-01   3.2651311791550892E-01   4.8458257743122521E-01   1.1354649204448286E-02
   4.7844999036274646E-01   6.7787821757250839E-01  -5.5818162712741337E-01   2.1317266410716579E-02
  -8.2800958059465319E-01  -5.2864388462277762E-01   1.8691114919770264E-01   1.8907760946300768E-02
   5.6762618396103148E-01   5.5012752789652932E-01   6.1250323944636448E-01   1.7790596658415404E-02
   9.5257705216839170E-01  -2.8515940760842806E-01   1.0621239068294876E-01   1.1068222423794766E-02
   7.0723887954375488E-01  -7.0684446646034739E-01   1.3567147676688084E-02   1.7782565692913630E-02
   9.3242778383800040E-01   1.3883665681833412E-01  -3.3362075872233027E-01   3.9597485458391549E-03
  -4.7811868976851705E-01   8.5837865070717960E-01   1.8598013470303243E-01   1.9342678877855286E-02
   4.2790040546793033E-01  -1.2840918161971943E-01  -8.9465765803246473E-01   1.1202988275089815E-02
  -9.9109941855230712E-01   3.0044415852657024E-02   1.2968914997543734E-01   1.6631013561984049E-02
   4.9348904519313627E-01   2.6713262674882476E-01  -8.2771294661895904E-01   7.0170885686131452E-03
  -1.8087258533598351E-01   8.5255949489238744E-01   4.9033398367104306E-01   1.7428290164297404E-02
  -1.0519881419671035E-01   7.3622578043016826E-01   6.6850939389181025E-01   1.4288310504242773E-02
  -2.9180716832560031E-01  -4.9193497410228532E-01  -8.2027346523508768E-01   1.8844827760986454E-02
   2.2530190166840693E-01   3.8669410964893685E-01  -8.9426322672209632E-01   1.6621304239070415E-02
  -5.3834509794359313E-01   7.9488535276981799E-01  -2.7989610835469882E-01   2.0027319173266855E-02
  -9.7003683628377626E-01  -1.9034735415318701E-01  -1.5098483705141880E-01   1.2647361309624212E-02
   1.3195070170429745E-01  -9.2923528939269104E-01  -3.4512430987547819E-01   1.3863719386806481E-02
  -7.4901910999525753E-01  -1.5229508149891611E-01   6.4480739838586744E-01   1.8723092736825424E-02
   5.7463227735679787E-01   4.4695636939995706E-01  -6.8558569827013551E-01   8.2085266363061393E-03
   8.6555616958687000E-01   4.3356646999565100E-01   2.5066438395914132E-01   1.6234707028521853E-02
   6.2360350496160261E-01   4.3420383730574672E-01   6.5006591686425849E-01   1.8944273580486584E-02
  -4.4530461524284090E-01   6.6146650919868301E-01  -6.0346156203351846E-01   1.1630129368679200E-02
   3.3573703873779918E-01  -4.4009289517463461E-02  -9.4092710836479866E-01   1.3608249942015668E-02
   8.5496406835813338E-01  -4.6671129366183707E-01   2.2631175441192503E-01   1.3587920579749275E-02
  -5.9165607727146944E-01   7.9097285939702750E-01  -1.5590067968109410E-01   1.4000690994522255E-02
   9.9931617988910090E-01   3.6053576098190101E-02  -8.2044050598667581E-03   2.3000140274185025E-02
  -5.9630647335339324E-01  -4.7433781366089569E-01  -6.4762815594154048E-01   1.4365767567894593E-02
  -2.8267001462196805E-01   6.6588011718494080E-01   6.9043561059043430E-01   1.4055950205636773E-02
  -7.4166611501681680E-01   3.2294448642683355E-01   5.8791005478931097E-01   1.9834752016530774E-02
   6.2248879619346890E-01   7.5997072231974316E-01  -1.8695507436390691E-01   1.9988169983934556E-02
   5.9005973039927841E-01   1.8443858778194899E-01  -7.8601012836866877E-01   2.6506568718193856E-02
  -4.3870387331434983E-01   4.8035144172622787E-01  -7.5947442614647737E-01   1.3858969996718368E-02
   8.0546355412553278E-01   5.5401166109747732E-01   2.1047456459980788E-01   1.8804770787255371E-02
   6.2182557035021845E-01  -2.8485654022843309E-01   7.2951333884152704E-01   1.6892589845826069E-02
   5.5032022688108108E-01   8.2870917346655161E-01  -1.0192523582479526E-01   1.4561562611554903E-02
  -3.8561835700765506E-01   5.9530418032051564E-01  -7.0491943910750229E-01   1.8753899410365137E-02
  -2.2907834023024169E-01  -2.6978838987764763E-01  -9.3527393779821750E-01   1.2352395829887710E-02
  -3.0205486650856836E-03   9.7438980136182244E-01   2.2484526076355280E-01   1.6287038871428844E-02
  -5.5859440857317288E-01   6.0645997766539601E-01  -5.6584324878969303E-01   1.6374031218735350E-02
   6.4669215954437122E-01   6.5060255190462292E-01  -3.9812758035462696E-01   2.1666478570879674E-02
  -7.3586016646311689E-01   4.1285058358658384E-01  -5.3671613637479804E-01   1.3944944547391315E-02
   7.0605572984703819E-01   5.6907120269474917E-01   4.2147748767130828E-01   1.8498392708929715E-02
  -9.3120903446688387E-01   1.5296375485817632E-01   3.3083504020424099E-01   1.4679098486935727E-02
  -7.2571474475704729E-01   2.9685643103941302E-01  -6.2065640139513247E-01   1.9292369602251435E-02
  -3.4378894265435122E-01   4.6757461600809495E-01   8.1436057208922250E-01   1.3181441570033884E-02
  -5.7619643873130490E-01  -5.8241031772006390E-01   5.7340725998767725E-01   1.5288192496143224E-02
   9.5820182090785035E-03   4.8008603680626880E-01  -8.7716907275090978E-01   1.7464220262008456E-02
  -2.2172765819813178E-01   8.6465743488763262E-01  -4.5078194937631614E-01   1.5072505935656250E-02
   9.7186786833451179E-01  -6.8909317301174954E-02   2.2522067509005059E-01   1.2980166609646144E-02
   8.3892600027959645E-01   4.1621660812048553E-02   5.4265164093193805E-01   1.7498856852645268E-02
  -2.1539267318400225E-01  -7.5387976780933421E-01  -6.2070225714620530E-01   1.7534561472910715E-02
   9.1516108655531631E-01  -3.3766449640281859E-01   2.2014284799630430E-01   2.0605490276421338E-02
  -8.9366021315016936E-01  -1.7823711868783023E-01   4.1182879082727339E-01   1.7642006319312724E-02
  -3.7705987255960855E-01  -6.6384937902448069E-01   6.4585590844564020E-01   1.5615622111540585E-02
   6.2367445452959469E-01  -7.1461783450133715E-01  -3.1678308884760877E-01   1.5991346095524758E-02
  -6.7576839704210991E-01  -2.5688050534529538E-01   6.9090482668214363E-01   1.2540669601996163E-02
   7.0943183806124077E-01  -6.0871770878549469E-01   3.5520306608472158E-01   1.4663305319738267E-02
   2.2633831273273621E-01   7.6363051626383615E-02   9.7105079812314887E-01   1.7129872849851470E-02
   6.5735107441004902E-01  -3.6676889964972003E-02  -7.5269141798910634E-01   2.6981240724006432E-02
  -2.4789874934476086E-01   2.5022212054772632E-01   9.3591404544536178E-01   2.0823524713344454E-02
   1.8589621491584498E-03   6.7728278048642636E-01  -7.3572044929871509E-01   1.3868653169688376E-02
  -4.0877396176634359E-01   9.0980936134814758E-01  -7.1768894272684695E-02   1.5500528728200739E-02
  -6.1487209821423185E-01   2.3291824267048570E-01   7.5344634518253572E-01   2.0809094141976198E-02
   2.1344688226838077E-01  -6.4076317960293156E-01   7.3747066118934458E-01   1.6633506955727672E-02
  -2.3585011165978881E-01   9.6102536064730372E-01   1.4423931857432227E-01   1.5343166170789190E-02
  -9.7268724580910657E-01  -7.5309610316188946E-02  -2.1956316729888576E-01   1.7894925805792116E-02
   2.5844413113365161E-01  -2.9633655315936877E-01  -9.1945161827265096E-01   1.3007170533548102E-02
   1.8907062233344863E-01  -8.8254413640334554E-01   4.3054401293075184E-01   1.5178598327836480E-02
   2.3525378796667224E-01  -6.2532525207411762E-01  -7.4405912692861537E-01   1.2472298582309624E-02
   7.9615235294045838E-01   6.0063440302363124E-01  -7.3346743702892736E-02   1.6245781149491723E-02
   9.5752537257245045E-01   2.0797283125673313E-01   1.9973097491137469E-01   2.1628128911890023E-02
  -4.1725160399289977E-01   8.5678616450014768E-01  -3.0301578719016952E-01   1.6024782890628276E-02
   5.3691195268325859E-01  -3.8874514190841980E-01   7.4873411148982160E-01   1.5622962638831938E-02
  -6.5344396475012782E-01  -7.4696984528806318E-01   1.2266635709093536E-01   1.6783941278928693E-02
  -6.2172970886261165E-01  -5.1882083308902071E-03   7.8321469062571056E-01   2.0112458398192476E-02
  -6.0388576667251667E-01  -7.1329485185797327E-01  -3.5571397937564768E-01   1.8880322597265218E-02
   3.3080370399894309E-01  -4.5377962589231453E-01   8.2743758709984334E-01   1.6169249538294440E-02
  -5.8663637473193643E-01   7.8283307842508094E-01   2.0743706314176852E-01   1.5834495573385831E-02
   8.4135259296026241E-01  -8.4052818085202911E-02   5.3391098330244046E-01   1.7562836953963461E-02
   7.9238906316766319E-01  -5.0484025028164580E-01   3.4242648009147607E-01   1.9691773909853315E-02
  -2.6696392526953491E-02   9.3794107377382474E-01   3.4576559220670208E-01   1.5616860229131408E-02
   2.7531192025785373E-01   8.0720004103048843E-01  -5.2214120726515265E-01   2.0024230365852728E-02
  -2.7087083344158155E-02  -5.6284109306760399E-01   8.2612117384217391E-01   1.6287168001467826E-02
   1.7208522017192975E-01   1.9992261241506717E-01   9.6458158081290008E-01   2.1045000286395358E-02
  -6.9096538724321554E-01  -7.1437395967851626E-01  -1.1061952524337914E-01   1.7010704657427382E-02
  -7.6415079681006208E-02   9.9707051708630380E-01  -3.3345996155463506E-03   1.5730842690900310E-02
   7.1668452954565067E-01  -5.2340471905027028E-01   4.6088044565357400E-01   1.3964189094789267E-02
   1.3544198632284387E-01   1.4516043261572352E-01  -9.8009383078547056E-01   1.3653231307513924E-02
   4.9882125495916733E-01   2.4767893983139530E-01   8.3056155603600956E-01   8.7771265158727995E-03
   3.2784688340929730E-01  -6.6895803150484587E-01   6.6709187757307635E-01   1.5163417435399891E-02
  -9.5845487543066703E-01   4.7869768069879725E-02  -2.8119875011834691E-01   1.7264522778914299E-02
   5.9165516679000678E-01  -4.8647440374456358E-01  -6.4287387418688961E-01   1.3301275079545709E-02
   8.5697978375081991E-01   3.6730630075401178E-01  -3.6148545153131883E-01   7.1984869095858012E-03
   5.2263905958419263E-01  -2.6105051636807798E-01   8.1160399290596814E-01   1.6712051475198563E-02
   3.6868281719349567E-01   8.2033461499298212E-02  -9.2592844836991083E-01   1.0612611363014345E-02
   3.2564222161391391E-02   2.2214063946450073E-01   9.7447068079718341E-01   1.4703049867904553E-02
  -5.2966539887552270E-02   1.2109097066320915E-01   9.9122728093822267E-01   2.0039904793146150E-02
   9.2242370125580013E-01   3.4958783304532126E-01   1.6408187696460185E-01   1.9319994068274898E-02
  -2.6146987353648141E-01   9.2735732176105933E-01   2.6766005120109270E-01   1.7345964355419019E-02
   2.6596056818652398E-01   1.6391188902761324E-01  -9.4994624521880215E-01   1.5609704960729859E-02
   2.0031711037492474E-01  -8.1504968898460923E-01   5.4366079477660704E-01   1.5870197390243465E-02
   7.1514777308272297E-01  -4.2230574533449978E-01   5.5697533169099600E-01   1.8534526601538086E-02
   4.9061325739885432E-01   1.2918041038667660E-01  -8.6174883419521677E-01   1.2827174234279718E-02
  -3.2215002204874032E-02   6.6023461811186754E-01   7.5036820473659222E-01   1.5627368399456060E-02
   5.3135835772433503E-01  -7.0177976407700821E-01   4.7451391803456761E-01   1.5174171954127038E-02
  -1.0710154320212277E-01  -9.8886023734083217E-01   1.0336677633532440E-01   1.5796859971152068E-02
   5.0255323092264827E-01  -1.2768804229053829E-01   8.5506491797127139E-01   1.7674215212334396E-02
  -6.8103160145640515E-01   7.0312671652159774E-02  -7.2887041785413391E-01   1.4828001115513700E-02
  -7.5037258293390376E-01  -1.6829355842678270E-01  -6.3923255938128873E-01   2.0650530897038241E-02
  -6.3577692276494808E-01   1.9778524941917339E-01  -7.4610233855130667E-01   1.8856350861919706E-02
   7.7341946557085137E-01   5.9629019869394124E-01  -2.1508214527858546E-01   2.1471698128674323E-02
   6.4814543483617983E-01  -3.7031509838830514E-01  -6.6541282164283499E-01   1.1951889984612260E-02
  -5.1534831182511808E-01  -8.5618030585596134E-01  -3.7032436638618841E-02   1.6474580840062120E-02
   1.5680150109445369E-01  -9.8077135534845130E-01   1.1619310557209419E-01   1.4551830939207446E-02
  -2.0059616128937873E-01   7.3230754677830214E-01  -6.5075866264500117E-01   1.4856610823226774E-02
  -1.9096999514037197E-01  -9.8159093046425258E-01   3.1154753103187040E-03   1.7126838413050822E-02
   7.7930801294344664E-02  -8.6893706888129180E-01   4.8874856576118004E-01   1.5561737309267145E-02
  -3.2271309663069693E-01   1.3778827801085600E-01   9.3641371610299977E-01   1.4398127114452119E-02
  -2.8341211803436831E-01  -8.1122887051239782E-01  -5.1145409471276366E-01   1.5599020751237189E-02
  -3.9547615426794852E-01  -6.3201903680371041E-01  -6.6644620827426415E-01   1.7255890040553123E-02
  -1.3419362535851409E-01   9.5829857116780630E-01   2.5230124734309109E-01   1.5809499905023168E-02
   1.5282339763576300E-01   9.8718099181634038E-01   4.6029322519105679E-02   1.7084788100627918E-02
  -2.9474347723019684E-01   3.0598715741466393E-01  -9.0526136674860158E-01   1.8319483214128611E-02
   2.1585815227284550E-01  -4.2164412929060270E-01  -8.8069375286311792E-01   1.3258207815461853E-02
   7.9910853707505848E-01  -6.0113400322529200E-01   7.9659362346422675E-03   1.6173345874334270E-02
  -4.8793732645076763E-01  -4.6708693830911425E-01   7.3739199718812695E-01   1.6397928201001037E-02
   7.3383669120419998E-01   4.1651689223138008E-01  -5.3665388205843100E-01   7.1060973254778723E-03
  -6.5671890843919449E-01   4.0326412200855639E-01  -6.3725844301907930E-01   1.4497231899060729E-02
   1.2108068004599505E-01   9.2870489362609038E-01  -3.5049492075428352E-01   1.5005641362004602E-02
   8.9207910738629863E-01  -2.6321029299256415E-01  -3.6730805576196265E-01   6.2794369268434282E-03
   1.7428576124306571E-01  -7.3206436332269051E-01  -6.5856377168871729E-01   1.7875610536731318E-02
  -1.5175654448059070E-01  -7.0672427480118020E-01   6.9102152688180158E-01   1.5927566100438044E-02
   9.3569053910232256E-01   1.5554958623644066E-01   3.1668208230980954E-01   1.1300714891179559E-02
  -7.6471441816786436E-01  -3.9157360965353440E-01   5.1174404429273643E-01   1.4065596687818453E-02
  -9.5651724997285771E-01   2.6252240764555834E-01   1.2710914990015786E-01   1.7521613593938390E-02
  -5.2506821240037258E-01   8.4959379273074127E-01  -4.9937557810445216E-02   1.9548150416222414E-02
  -2.0808224125230441E-01  -9.5447264421350883E-01  -2.1373757817354057E-01   1.8143362357956833E-02
   6.5400291055041535E-01   7.1590033647483739E-01   2.4447270037122752E-01   1.8083486779844262E-02
  -2.1834582125154700E-01  -1.3235655220302549E-01   9.6685409728196081E-01   1.8502417869639780E-02
  -5.7327693698097812E-01   1.0147521695900323E-01  -8.1305370909235179E-01   1.4047849888111498E-02
  -5.7456457143297923E-01  -6.7414052297500726E-01   4.6412294549722545E-01   1.6002432995026467E-02
   4.6693059817917728E-01   8.0345912221677053E-01  -3.6936331086166633E-01   2.0343067376305565E-02
  -7.1773092888782352E-01   5.2171959340774858E-01  -4.6116263895970117E-01   1.7561457376263462E-02
   5.8459139397560422E-01   7.4443839420891979E-01  -3.2259011038360263E-01   1.3832723757156286E-02
   1.0482176954530233E-01   9.8475379350989982E-01  -1.3882493579055958E-01   1.4368332052229875E-02
  -8.0007980783930214E-01  -5.9804005732264400E-01   4.7121024239230200E-02   1.7727010775027611E-02
  -8.3065198263431767E-01  -1.7971524514965344E-01  -5.2699119006533425E-01   1.2886341622434036E-02
   7.8380302354111277E-01   4.5779329857143915E-01  -4.1961662987885848E-01   2.2612404350081285E-02
  -2.7911366102140817E-01  -6.6087127961280991E-01  -6.9666686157312929E-01   1.6059329703874681E-02
  -7.5514532304213952E-01   6.4370430439338406E-01   1.2409798383943269E-01   1.6520283605585155E-02
  -7.6619171136412269E-02   8.1847022730259908E-01   5.6941723686028407E-01   1.5249813008618353E-02
  -1.7459254151626463E-02  -6.7505768327614266E-01  -7.3755833579067893E-01   1.6813331643636610E-02
   3.8206759348453251E-01   3.4797472189271876E-01  -8.5611795153040866E-01   2.1528894421532123E-02
  -6.0624227347918999E-01   7.2250194043206636E-01   3.3235711504145939E-01   1.9588315116554541E-02
  -1.9560788782777919E-01  -1.4849229650474895E-01  -9.6937484602103261E-01   1.9570546459346738E-02
   4.3999274798857088E-01  -4.8359919568920028E-01   7.5666254013676690E-01   1.5378401355795179E-02
  -1.8990092294219042E-01   1.3604914972752679E-01   9.7233135726670933E-01   1.3338600292729707E-02
   5.3708329084619563E-02   8.3730928621350351E-01   5.4408508030231041E-01   1.5529430124156522E-02
  -4.8711585653121094E-01  -3.2838869647855437E-01  -8.0924594922741537E-01   1.5919690270965087E-02
  -4.8135958429338510E-01  -5.7610583478081869E-01   6.6060201160789366E-01   1.5955527867577523E-02
   6.0519367231956184E-01   2.1606766687137586E-01   7.6619539434606558E-01   2.0841393612530390E-02
  -1.6103707359975660E-01  -2.2743898299380131E-02  -9.8668626017421274E-01   1.7170665981269321E-02
   1.8527811586702267E-01  -8.7055400991716798E-01  -4.5585933751312550E-01   1.8813344413334364E-02
  -1.5971892213247360E-01   9.8051338068319022E-01  -1.1438258702294810E-01   1.7055402222774230E-02
  -2.1665845640723127E-01  -8.7989130976093434E-01  -4.2290707758847343E-01   1.8022748769393963E-02
   2.8895594545298859E-01   7.7265454602841217E-01   5.6525163784724918E-01   1.4864218214098256E-02
   9.3298985436329555E-01  -3.5984698983307299E-01  -6.3305262998310691E-03   1.9465286263125065E-02
  -4.5093871782513863E-02  -9.9896137793400363E-01  -6.5351452821577842E-03   1.3821569776438737E-02
   3.3633717152819908E-02  -2.3203101247295117E-01  -9.7212673161541101E-01   1.6244976733168766E-02
  -5.8839396314512804E-01  -4.7682287953970279E-01   6.5301798266344546E-01   1.6968678649062855E-02
  -1.6165036328303894E-02  -9.5672244764835099E-01   2.9055266263838124E-01   1.5334426016785124E-02
  -2.5691143381474086E-01  -8.8382254829142219E-01   3.9096575081061857E-01   1.6345496904697009E-02
   1.1673341462906408E-01   3.1956025415852344E-01   9.4034810249778182E-01   1.2838046504211220E-02
  -2.8160170528365902E-02  -3.3254797553747508E-01   9.4266582029993024E-01   1.5947810512001534E-02
   5.3568428221227559E-01   7.1751633873689861E-01  -4.4521079663044478E-01   1.3676038913626624E-02
   3.0295973930935264E-01  -1.9437850023432366E-01   9.3296966456807375E-01   1.7080788053651021E-02
   2.6138921269028840E-01  -9.0318783602950869E-01  -3.4048114828501816E-01   1.6424192533859325E-02
  -4.7912731686676650E-01  -6.7547702912400655E-01   5.6050673266059805E-01   1.6866283459279419E-02
  -1.0809936606136023E-01   2.4047985927645711E-01   9.6461596728413496E-01   1.4201535584152988E-02
  -3.0389768481145091E-01   8.1410875146595831E-01   4.9484658021732217E-01   1.4126122622152283E-02
  -2.6462927036212970E-01  -5.3377334959561171E-01   8.0315463052209796E-01   1.6313189628410746E-02
   3.7866161128995603E-01   9.2265255817648075E-01   7.2990691363282635E-02   1.7467903343776736E-02
  -5.4980778549925748E-01  -8.2982285563653128E-01   9.5422362513381262E-02   1.8581632775097858E-02
   5.3584670930692954E-01   5.7094006865507820E-01  -6.2200943893888744E-01   1.4949939556269448E-02
   1.2091216082977018E-01   7.0139553888268206E-01   7.0244184627551042E-01   1.4499692067495358E-02
  -9.3499600055064728E-01  -6.9050969305201022E-02   3.4787130176590626E-01   1.4087209763946142E-02
   5.8571681557867112E-01  -7.8332695694425265E-01  -2.0816985966474073E-01   1.6242193945241543E-02
  -6.3785404940155601E-01   5.1160608889460519E-01  -5.7567475319663143E-01   1.7926072011240055E-02
  -4.6417055679872767E-01   4.6625852415176289E-01   7.5309274518944810E-01   1.4551988674809798E-02
   5.4904004489295008E-01  -8.3826946878814432E-02  -8.3158166891828706E-01   1.1084691809870166E-02
   5.0625866360731315E-01  -8.0348946078397567E-01  -3.1322013334333020E-01   1.5008527656144988E-02
  -8.2094687910769685E-01  -4.1680178949070771E-01  -3.9028513930289005E-01   1.5912672061210262E-02
   6.9705411827690699E-01  -4.4785612730637094E-01  -5.5994682374966942E-01   2.3900150292780359E-02
  -4.8523903341356158E-01  -3.5039768721527191E-01   8.0110207916723137E-01   1.6083419166997430E-02
   3.8739746192649032E-01   4.5759840734340375E-01  -8.0032924730369163E-01   7.6977206911009510E-03
   8.5177606972623802E-01  -4.6952582753072107E-01  -2.3242853594882530E-01   1.1003309419703197E-02
  -8.5223936938272117E-01   5.9173011289748531E-02  -5.1979477874353943E-01   1.2962900474908865E-02
  -6.5415183387937068E-01  -1.4557203496596315E-01  -7.4222244702523285E-01   1.3636153355047662E-02
   2.7278680844392599E-01  -8.9975025223291975E-01   3.4064180710208500E-01   1.6044640530328193E-02
   6.7492934891361038E-01   9.9058180520936858E-02  -7.3120301616372707E-01   1.1871845999012762E-02
  -8.0634862139606138E-01  -4.9980961991192787E-01   3.1621550344055777E-01   1.2617508008703754E-02
   3.3860351794643324E-01  -9.1460783770982096E-01  -2.2099810142638158E-01   1.4252857391792284E-02
   1.6543368934622080E-01  -5.4371208350222213E-01  -8.2280548411089888E-01   2.0280868877064790E-02
   6.4156772032639377E-01   4.9772342341351407E-01  -5.8366279136220935E-01   2.2352028297314823E-02
  -4.9935323880627571E-01  -5.5745179196289162E-01  -6.6324493404099484E-01   1.3614793499944759E-02
  -8.2914820245221108E-01  -3.9480522652377331E-01   3.9578035762248156E-01   1.7003244052028810E-02
   7.2667172235145258E-01  -1.2139164172982965E-01  -6.7617473869770536E-01   9.4446038627075132E-03
   1.4946977163924602E-01  -9.8248203608842086E-01  -1.1130065646555018E-01   1.4285391264328342E-02
  -9.1761537072194059E-02  -5.8522927627665177E-01  -8.0565905599257963E-01   1.8148309349420737E-02
  -1.4736036030337260E-01  -4.9576209691222707E-01   8.5586498203656624E-01   1.6573185963574557E-02
   3.0981641740532723E-01  -8.3764077551102538E-01  -4.4985744264979778E-01   1.3645966618932250E-02
  -4.7184671040667733E-01   7.8633704172042691E-01  -3.9879159807694634E-01   1.2179003456116668E-02
  -4.4899887987186479E-01   8.9164121115440213E-01   5.8102981377220839E-02   1.4490271552416878E-02
   6.2378465027994600E-01  -6.4268294891301458E-01  -4.4480483051738204E-01   1.9179959539024320E-02
  -5.2053788849011803E-01   7.3847381164363152E-01   4.2859857228270756E-01   1.5671074558107351E-02
   7.3709450908782141E-01   6.5693245855252557E-01   1.5852895499787431E-01   1.4661397317699796E-02
   6.8475650236114393E-02  -1.0644635517471916E-01  -9.9195779083323838E-01   2.0539346054767788E-02
   3.7653919975926362E-02  -5.7027195492335289E-01  -8.2059251747645376E-01   1.2649184880203852E-02
   3.8645158313164920E-01  -8.6102751531735286E-01  -3.3058552866310995E-01   1.7359784557394384E-02
  -6.7543447905920928E-01  -2.6750458963218424E-01  -6.8718960922276126E-01   1.4075109282588678E-02
   8.7931794758441910E-01  -3.9662213435732706E-02  -4.7458071587592236E-01   8.3601293548680182E-03
   7.2779555875401982E-01   6.1864428655874137E-01   2.9596092878309114E-01   1.5617183072973224E-02
   8.2753628779754233E-01  -2.9872164237127014E-01  -4.7534100681223998E-01   2.5959179570856858E-02
  -4.3807465990097202E-01  -8.9649596914804146E-01   6.6223633651149960E-02   1.3557375597306440E-02
  -5.1889381166720927E-01   6.5428271729525810E-01   5.5014846910830170E-01   2.0567263237421840E-02
  -8.8854032302562586E-01  -3.0636667268444868E-01  -3.4151948147327755E-01   1.1714585428674055E-02
   3.2105351094443750E-01  -7.5774963456620714E-01   5.6810222180962259E-01   1.5967420144023945E-02
   6.6743242454374076E-01   3.1107817138136000E-01   6.7658283303501951E-01   1.0461667869182627E-02
  -6.9595761102306088E-01   6.2496311104930990E-01  -3.5364404913223386E-01   2.0223043293265257E-02
  -4.1821396609261736E-01  -8.7177010462695090E-02  -9.0415554381526099E-01   2.1084822807314789E-02
   6.2917076142381267E-01  -6.1807354582751052E-01   4.7130589314964863E-01   1.8824221062062651E-02
  -8.3011486897692954E-01  -5.2595708165307701E-01  -1.8514441002199770E-01   1.6940473997521383E-02
  -7.7988245203667965E-01   5.2373656343765482E-01  -3.4275847637041967E-01   1.3158328855912571E-02
  -6.6406160021333038E-01   7.4072382731292529E-01   1.0173692924893387E-01   1.9817268145684504E-02
  -1.6524923173835777E-01   3.5310115488121116E-01   9.2087581455451292E-01   1.3314649714047575E-02
   8.3383158691253775E-01  -5.3915747549627273E-01   1.1846561224002982E-01   1.9312756617165076E-02
   7.4216225442847241E-01   4.4317503877512223E-02   6.6875342761866569E-01   1.9356333340103500E-02
  -3.0130918405062234E-02  -2.1010838811408665E-01   9.7721368850429417E-01   1.4972588384724083E-02
  -7.1445291607278624E-01   2.1513694202538342E-01   6.6578759893156540E-01   1.2199357866376021E-02
  -9.4807797345059583E-02  -1.0242093187750780E-01   9.9021282271838959E-01   1.6322753756257684E-02
  -6.4920045336125111E-02  -9.7184053547869169E-01  -2.2652011238308507E-01   1.3939710150674033E-02
  -7.4682168336090635E-01   6.2181322860474077E-01  -2.3580857065452569E-01   1.3407459949641091E-02
  -7.4976696593913079E-01  -5.0564462111613126E-01   4.2681730743112362E-01   1.8854435196291614E-02
   9.6338579451584536E-01   2.5581580585801360E-01   8.0287510848750933E-02   1.1965849843301563E-02
   2.9809014403909728E-01  -6.9727697184815040E-01  -6.5187965956687419E-01   1.5862066431432102E-02
   7.4727329468099954E-01  -3.3088678103234498E-01  -5.7627819774363917E-01   1.1477094505949791E-02
  -3.2898163014426780E-01   9.4362133003657291E-01   3.6740611421551121E-02   1.7738432131298993E-02
   2.7103213659665921E-01   4.8217788356093436E-01  -8.3309427409900500E-01   2.0878940806845189E-02
  -7.4834674222983021E-01  -6.2834966231416879E-01  -2.1249436525157627E-01   1.9018423759418293E-02
  -5.7626108792202916E-01  -2.4368206195373036E-01   7.8009115571764926E-01   2.0646626838952473E-02
  -4.1126562419396144E-03  -9.4027543387383953E-01  -3.4038976851838271E-01   1.8684482400417163E-02
  -1.4545939347821670E-01   8.1597329694927065E-01  -5.5949007454528327E-01   1.9754210878762526E-02
  -6.8501710969833906E-01  -3.8363318980668621E-01  -6.1933604375918633E-01   2.0849012157369175E-02
  -9.6614291528841516E-01   2.5754825770568907E-01  -1.5387078695007359E-02   1.6590966249341077E-02
   4.7889241819375047E-01   8.6802130458714223E-01   1.3115283671875841E-01   1.5561494514292344E-02
  -3.8066546420580280E-01   4.2945508972661583E-02  -9.2371504676499647E-01   1.4459699709421769E-02
  -8.9955749361697208E-01  -4.1409655913571103E-01  -1.3899768123791025E-01   1.2297586336729737E-02
  -9.6123226436232496E-01   3.5728688257640945E-02   2.7341542528589330E-01   1.7046420827795703E-02
  -2.9207769077817257E-01   8.9812732097304692E-01  -3.2872167234830715E-01   1.3604699225785885E-02
   5.6916629801877007E-01   8.2104176520609097E-01   4.4047076939050366E-02   1.7683467245868955E-02
   3.9775192771663894E-02   2.5461676158207851E-01  -9.6622370016545957E-01   1.2451858552781853E-02
  -9.1768162637506236E-01   2.9063566317301624E-01  -2.7090836809814784E-01   1.8429149341483011E-02
   3.5305881767615550E-01   4.2858126850269515E-02   9.3461898772922520E-01   1.8014871378940194E-02
  -8.8517427596483440E-01   2.7336101266123149E-01   3.7648407393534877E-01   1.6757070887158609E-02
   4.7101328284041992E-02  -7.5497066712484954E-01  -6.5406479545603009E-01   1.4800175002428160E-02
  -9.7515712980643556E-02  -2.5124604078038608E-01  -9.6299850088879033E-01   1.7952071910182565E-02
  -3.7330192919370874E-01  -3.2938068890484988E-01   8.6726814275448962E-01   1.6767864046681162E-02
  -4.7688680304869439E-01  -7.5710900409791932E-01   4.4650300446005122E-01   1.4742186741013294E-02
  -8.5624597518237290E-01   4.1191970162347164E-01  -3.1171299202698836E-01   1.5071551527798550E-02
   4.1644531922962455E-01  -2.2956734125814590E-01   8.7970002382596419E-01   1.4368528014105197E-02
   2.0969902547375394E-02   7.5820804794292602E-01   6.5167539405882983E-01   1.8249562169022057E-02
   3.9508670816659719E-01   2.0874436963658178E-01  -8.9461292253974740E-01   2.3463520593024300E-02
  -4.4637567047389739E-01  -1.0182345141769448E-01   8.8903360203670995E-01   2.0819584079861019E-02
  -6.8959304811372561E-01   5.4136260016179864E-01   4.8102802739474288E-01   2.0396066126108243E-02
  -8.0225585244390593E-02  -8.9380598683093239E-01  -4.4121957501608868E-01   1.4976472430605191E-02
   7.0550044456074587E-01  -1.7998964931476644E-01   6.8547271927053179E-01   1.7727369873697145E-02
  -8.3425409581599421E-01  -2.9984230714263770E-01  -4.6272529049276958E-01   2.0522943885544111E-02
   3.3745409644939621E-01   6.0049605422637473E-01   7.2493394295485726E-01   1.3136105374851796E-02
  -6.7955343374931489E-01  -4.8020616306461425E-01   5.5462525333262355E-01   1.4271845440436427E-02
  -9.3343318366631695E-01  -2.9148403554261532E-01   2.0914002164663565E-01   1.6700292955625732E-02
   8.2715673546073027E-01   1.9211978642714386E-01  -5.2811146801138120E-01   5.2846141728338000E-03
   3.8678691852429359E-01  -2.5513728894787321E-01  -8.8617201684933082E-01   1.3330089822745525E-02
  -4.0763897445038033E-01   8.1803076614549077E-01   4.0577842740646472E-01   1.9492000022001334E-02
  -1.4294988831953203E-01  -8.7039696694689467E-01   4.7114164468775188E-01   1.6087519979774780E-02
  -1.6856125920755027E-01   3.3670469945642427E-01  -9.2640004709538086E-01   1.4441854329461691E-02
  -4.8650000940628510E-01  -7.8663643006027230E-01  -3.8015900324695035E-01   1.4114577723953671E-02
   3.9063219579461483E-01  -9.3641169775016130E-02   9.1577170677622721E-01   1.6759174386471924E-02
  -7.2312517234460411E-01  -4.8052192603644572E-02  -6.8904351960349261E-01   1.3528399762782015E-02
   6.8217981963830096E-01   2.3255626636712483E-01  -6.9321589469056323E-01   6.3689588213182544E-03
  -5.5769808581928215E-01   4.4269281235843642E-01  -7.0213668110965894E-01   1.6002962330915117E-02
   7.7853033603650523E-01  -5.8516686861799325E-01  -2.2687056164848371E-01   1.7462587295123535E-02
  -3.5485692833214117E-01  -8.4343874351479648E-01  -4.0334556691856553E-01   1.4949672059686418E-02
  -1.3104446618681073E-01  -3.7132551606500201E-01  -9.1920874071174587E-01   1.8564058163784411E-02
   3.0734441562350323E-01   1.7420817379979331E-01   9.3551639342471624E-01   1.0781466579301168E-02
  -3.7836376359589900E-01   2.5180002274056261E-01   8.9075114984231067E-01   1.2685525662549783E-02
   5.3317726487322500E-01  -4.1552978016934005E-01  -7.3692401644587945E-01   2.3314142678258802E-02
  -6.7482285114778690E-01  -5.0141738079881994E-01  -5.4147458832490276E-01   1.4214245000384842E-02
   9.0478717694145203E-01  -3.4845016984113401E-01  -2.4483186798291307E-01   1.9634075585863467E-02
  -2.8586143001914807E-01   9.5372403998566834E-01  -9.3240004187167677E-02   1.4552329498635112E-02
  -6.4930858190932738E-01   7.1579674418720244E-01  -2.5696962168688171E-01   1.3827468791055970E-02
   3.3152571361716978E-01   3.9545452081567251E-01   8.5656664841509737E-01   1.0971722647974777E-02
  -1.2258675913804377E-01   5.6381739069276193E-01   8.1675114719015660E-01   1.3922996627189487E-02
   9.8821791407877856E-01   1.2653024500478013E-01   8.6113015234736920E-02   1.0607826556262702E-02
  -2.9183620280117885E-01  -5.3062602006162684E-02  -9.5499528323595654E-01   1.2288499429724608E-02
   2.3594575155323762E-01   9.3439462021523951E-01   2.6690128519135343E-01   1.6584184424127030E-02
  -3.6488034483738789E-01  -8.8184424893609563E-01   2.9868554462792866E-01   1.4788695990907198E-02
   8.9836923317165489E-01  -4.2258491469581329E-01  -1.1981114623483595E-01   1.8430125662999248E-02
   1.0692553261779784E-01  -9.3027451179282962E-01   3.5093626655421736E-01   1.6954887427975098E-02
   9.8287513235019989E-01   1.7905740385373416E-01  -4.3530682658761064E-02   2.3048095455852850E-02
  -9.3954398904377782E-01  -1.9110710627768481E-01  -2.8413934360076748E-01   1.8293313435638200E-02
  -2.1183831190386102E-01   4.6563179285219282E-01   8.5925058224884267E-01   2.0544626969693213E-02
   2.5537897912266598E-01   9.5625101251723574E-01   1.4270801688071442E-01   1.6251984072059279E-02
  -7.0419459088819920E-01  -6.2589394015132935E-01  -3.3521150613552315E-01   1.6012721276568059E-02
   7.3326074638142397E-01   6.7980057115747971E-01   1.4137229930981729E-02   1.8413216111191701E-02
   2.1344004228898567E-01   8.9715436677501099E-01   3.8672650610503179E-01   1.4561398132445740E-02
  -2.7593484682946001E-01   7.9098147200657864E-01  -5.4608449094211453E-01   1.3089382865578700E-02
   5.7105487062410134E-01   7.9893954484523890E-01   1.8865825828458604E-01   1.4855469106713689E-02
  -8.7749717175456822E-01  -5.8947810215919567E-02   4.7594523764135061E-01   1.7377295261399929E-02
  -8.9349649485525528E-01  -2.9313962774648864E-01   3.4019578528550682E-01   1.4353784170330447E-02
   7.0128216128601748E-01   1.8094923607796433E-01   6.8953658657450027E-01   1.4757476049021239E-02
   7.7790970169027069E-01  -5.8237442706934716E-01   2.3600110743766382E-01   1.4501048115648500E-02
  -7.5116006503128271E-01  -6.0080752706898676E-01   2.7347554208639541E-01   1.7340574788453504E-02
   1.3950742726703089E-01   4.9051934013771951E-01  -8.6019094083127285E-01   1.2555536870390116E-02
  -4.7329999806477465E-01  -8.6495226153081645E-01  -1.6686730388128916E-01   1.3555236455023074E-02
  -1.4905148531149801E-01  -6.0667774320833967E-01   7.8084939048581727E-01   1.5323719275053202E-02
   8.7322850271973191E-02   1.0098147364343779E-01   9.9104866772584792E-01   1.2146148848186193E-02
  -6.9024721117202609E-02   7.5344618913981529E-01  -6.5387646229649671E-01   1.3692918785462480E-02
  -5.0703237129871636E-02   8.8589389389265615E-01   4.6110865369049340E-01   1.5977341479314368E-02
   1.3255058421792120E-01   8.2811558766630017E-01  -5.4466036764903877E-01   1.4745773425284691E-02
  -7.1941967001716129E-01  -2.3764676614296575E-02   6.9416898413701577E-01   1.2157109731920416E-02
   9.8307613585872335E-01  -1.5057519360700752E-01   1.0434760263318536E-01   2.1357357327572765E-02
  -6.6632843097290814E-01  -7.0329996727031147E-01   2.4774094961221289E-01   1.7017435690000903E-02
  -5.6935440895372799E-01   1.2342474226899124E-01   8.1277419373451085E-01   1.1976083928817289E-02
  -9.5276374317212013E-01  -2.9628648338461122E-01   6.6750052136538586E-02   1.3886442570322572E-02
  -9.1167901584889179E-01   4.8714022905100780E-02   4.0800528922208521E-01   1.6967653639585373E-02
   4.6955909631905541E-01   8.8277523089465841E-01  -1.4904589323919261E-02   1.5298952261035672E-02
   6.4682533966324093E-01   7.8874045921298856E-02   7.5854852504604970E-01   1.2565660704349497E-02
  -8.2816370506525487E-01  -1.6617368559352576E-01   5.3528607662525065E-01   1.2962261012962572E-02
  -6.0110177060288139E-01   5.5466626810852908E-01   5.7534510721882234E-01   1.4415265854551293E-02
  -8.6742724016112227E-01  -4.1976143286773144E-01  -2.6715224592596547E-01   1.9159404148215312E-02
   7.9339126442203236E-01   5.0627471154473067E-01   3.3795889985190270E-01   1.2893917284075642E-02
  -5.9067311576084247E-01   7.1438222869155545E-01  -3.7518435687947411E-01   1.5345172375551747E-02
  -9.4261214268487751E-01  -1.8182408955113150E-01   2.8003990594543154E-01   1.6241451539678577E-02
   8.2245671316624733E-01   4.8780293920371873E-01  -2.9259741535424792E-01   1.6526913439946473E-02
  -6.4772963501032752E-01  -6.1320042171219242E-01  -4.5214108720771797E-01   1.3547708597079755E-02
   9.9009539839463620E-01  -4.3123499568816781E-02  -1.3360937789955031E-01   2.1959576603482746E-02
   3.5752437608497098E-01  -5.8445048468275242E-01  -7.2841880224164174E-01   2.1658876058154499E-02
   9.4202364384148609E-02  -6.0801016057734873E-01   7.8832072101343548E-01   1.5611965209357467E-02
  -8.7809911382768479E-01   4.7717978997889929E-01   3.5233426326828576E-02   1.6338394051600206E-02
   3.2460710479242438E-01  -3.2918075659580314E-01   8.8671881507346768E-01   1.6544473989174443E-02
  -2.5940468956673039E-01   1.8749793570341111E-02   9.6558668811860588E-01   2.1362599790447953E-02
  -5.5606053105433499E-01  -1.1838925801840991E-01   8.2266680338361872E-01   1.2020242883621314E-02
   6.5147687412207737E-01  -7.4734794035479543E-01   1.3057158393606171E-01   1.5281523739713964E-02
   9.9391639868686425E-01  -1.6305570812750427E-02   1.0892346295360142E-01   1.5555813459472773E-02
   2.4513185852976144E-01  -7.9172346273877201E-01  -5.5953939135924413E-01   1.4918206527709889E-02
  -4.2597649467724689E-01   3.6059837835985502E-01   8.2976673559906473E-01   2.0889460669243922E-02
   9.5710255735374349E-02  -3.8054563299716775E-01   9.1979593832211179E-01   1.6479941598252302E-02
  -8.7920379221611835E-02   2.3411324857042634E-01  -9.6822569360729620E-01   1.7993608310427450E-02
   6.9287273458478990E-01  -2.4864261333506743E-01  -6.7683397115016576E-01   2.5518046551276936E-02
   2.9232623767500811E-01   2.8425728021048994E-01  -9.1309537804881575E-01   8.3913521496207224E-03
  -1.4987720685419382E-01  -8.3143804212503553E-01  -5.3502112572577233E-01   1.4879016666356355E-02
   3.4301468717573424E-01   8.7871214958656178E-01   3.3197271356347486E-01   1.6814519318218888E-02
  -2.2437476676321761E-01  -5.8652158679859800E-01  -7.7823415002119142E-01   1.5439662097906056E-02
   2.9831499044002530E-01  -1.7002440478016042E-01  -9.3920171861955186E-01   2.2533679371433743E-02
  -8.6976806861101518E-02   8.8289009938186797E-01  -4.6145433954154349E-01   1.4470905037650259E-02
  -1.4338039741210097E-01  -9.3390294168334566E-01  -3.2751695704671766E-01   1.5253901665276101E-02
   6.7633623796707063E-01  -5.4849536668644329E-02   7.3454803895986611E-01   1.7206929913887989E-02
   4.6313495947611480E-01  -5.0298684382349589E-04  -8.8628762617746872E-01   2.5240140887033182E-02
   1.6553882199684455E-01  -2.0650731213416460E-01  -9.6433999629125608E-01   1.2931469184676640E-02
  -4.2619004131181368E-01   7.4283399767077353E-01   5.1629419964889402E-01   1.3266358372207298E-02
  -2.5690488965370770E-01  -2.9088972462763141E-01   9.2161979458889504E-01   1.5274280411568130E-02
  -3.1236121752323797E-02   9.9047192056613866E-01  -1.3412561003737675E-01   1.5802521237558153E-02
  -3.7682499371687860E-01  -5.6081651270930157E-01   7.3721622552874688E-01   1.5690745241856641E-02
  -5.4008124747981849E-01  -1.1948993694566762E-01  -8.3308727099227937E-01   1.4518741110872448E-02
   6.3458207642919770E-01   6.7505200612404276E-01   3.7631154287732542E-01   1.3880593840564334E-02
  -8.0296331320430187E-01   4.1562573370223407E-01  -4.2720623489416675E-01   1.7909064304307524E-02
  -8.2702174726349735E-01   5.1713635889676288E-01  -2.2046545275899878E-01   2.0240907446270095E-02
   4.6371286475130961E-01   8.4524160905714058E-01   2.6558802944151960E-01   1.7415682552952223E-02
   3.3684672420893329E-01   5.7058832138630286E-01  -7.4897480056893241E-01   1.6276769601464287E-02
  -1.3711407169990921E-01  -9.2621341479552317E-01   3.5118149381009300E-01   1.5289637166119223E-02
  -8.3636536673103663E-01  -2.8334632543123854E-01   4.6926307461537311E-01   1.7051137775685257E-02
   4.6532009629947710E-01  -3.3755932311630050E-01  -8.1824868552116249E-01   1.1425400306118149E-02
   7.6563465537600645E-01   4.5205414269394186E-01   4.5765776139000298E-01   1.7862734436197625E-02
   2.2180775632166991E-02   9.9477139541142900E-01   9.9688936515312480E-02   1.5540373119791254E-02
  -4.1974861888373560E-01  -8.6013330835965522E-01  -2.8979611590818628E-01   1.8432863850641860E-02
   9.6248858041669134E-01  -9.2712412847565239E-02  -2.5499047251112156E-01   4.7546774719341762E-03
  -1.6509774463743198E-01  -4.8537317131496608E-01  -8.5857767224828638E-01   1.2267788299435140E-02
   9.8839881427157081E-01   8.5747280262624201E-02  -1.2536023242685798E-01   1.5000361924329361E-03
  -6.6208221392809205E-01  -5.7908909626224582E-01   4.7571310744003207E-01   1.6032573528833527E-02
   5.4188787487056808E-01  -8.3030228206854932E-01   1.3021386815550208E-01   1.6746294686059326E-02
  -4.5290747990787538E-01   1.3857969120771422E-01   8.8072156998013397E-01   2.0914307736354249E-02
  -3.5082561978388366E-01  -9.2099179345549515E-01   1.6939746423983068E-01   1.7520019764384613E-02
   9.7592206275708708E-01  -1.7161117890218964E-01  -1.3463183390176673E-01   1.9470271498455636E-02
  -1.1989637591825566E-01  -9.6712465875518702E-01   2.2426491805302801E-01   1.6723563383148021E-02
   2.5422272207969207E-01   2.9658412760188852E-01   9.2054802309983720E-01   1.4782670902065051E-02
  -6.8322981083619236E-01   6.9333113583883125E-01   2.2910469585143196E-01   1.2020873557227829E-02
   4.3431191350927225E-01  -6.9079936811967783E-01   5.7807386620514877E-01   1.7347444052231580E-02
   3.4575917826369440E-01   7.2504895188800038E-01  -5.9561280041023891E-01   1.4911094547855947E-02
  -7.2822922907300791E-01   6.8531149808310782E-01  -5.5082228367226990E-03   1.2427133674307098E-02
  -4.9962975397397633E-01   5.6023256261752605E-01   6.6068871999369243E-01   1.3670583998223235E-02
  -6.7420109455822361E-01   4.4386130721406633E-01   5.9028808564523274E-01   1.3409967689341031E-02
  -5.7744256703061358E-01   4.5527947384518716E-01   6.7770250292908382E-01   2.0262529531083028E-02
  -2.6025367081788126E-01   6.3197239772965350E-01  -7.2998555830485480E-01   1.1206112394144784E-02
   8.7435538914128425E-01  -4.8528612821053780E-01  -1.6506368194747043E-04   1.2244980633225295E-02
   8.3612412593416181E-02  -7.9396425864273476E-01   6.0218744628080784E-01   1.6425941124676841E-02
   4.5627265277264870E-01   5.7997743510637436E-01   6.7486401674651572E-01   1.7644050871895005E-02
  -5.1853305421819309E-01   7.0288915155596765E-01  -4.8689866739197835E-01   1.9685094254538418E-02
  -2.1534794549191436E-01   2.0687665855520487E-01  -9.5437273144062793E-01   1.6007784818598283E-02
   2.0014212448708077E-01   8.7533923281916887E-01  -4.4014129264742587E-01   1.4424062201149023E-02
   8.1299031599057141E-01   3.2841025310731857E-01  -4.8082580188623191E-01   2.1492232910206139E-02
   3.8212811560217438E-01   2.7478143005289670E-01   8.8231132201985058E-01   2.1797425854990439E-02
   9.3262725132341870E-01  -1.2178962564504973E-01   3.3966703869254590E-01   1.9907994892874381E-02
   9.4312177156510941E-01   2.8984202841233059E-01  -1.6282789246844386E-01   7.4487307999456806E-03
  -7.6360500137660034E-01  -2.7447960076027948E-01   5.8443849175008963E-01   1.6924712292791966E-02
  -8.7001183123556167E-01   2.9873883185145855E-01  -3.9221744460716019E-01   1.5490647782424263E-02
  -5.0309729632098223E-01   2.4730998770493095E-01   8.2808869115325123E-01   1.4528601866707622E-02
  -2.4394954216606761E-02   9.3315583445968410E-01  -3.5864338112200018E-01   1.4812671398462868E-02
   6.8620803905915419E-01   6.7570288057753167E-01  -2.6934020180770716E-01   1.4088686753232996E-02
  -3.9509131563721243E-01   2.7969004282607792E-02   9.1821598064262417E-01   1.3407607837714097E-02
   4.1178949174976544E-01   7.6904758257137073E-01  -4.8887138413451927E-01   1.3589629402342147E-02
   1.0279596020308505E-01   1.9677884851348197E-02  -9.9450780359618242E-01   1.2666406931971792E-02
  -2.4618196715137603E-01  -9.3212918610769932E-01   2.6557413175171422E-01   1.6647428474638275E-02
   9.4609360195605347E-01   2.0343232068897632E-02   3.2325384645323507E-01   1.7002383623918375E-02
   3.5375249209128285E-01  -9.3523868120917601E-01   1.3703412324241923E-02   1.5315545759774202E-02
  -3.0259399441231482E-02  -6.6591973135928892E-01   7.4540947145299174E-01   1.6650893797074961E-02
   2.0452063617328164E-01   5.8766411621668410E-01  -7.8282960846568636E-01   1.2735134225115714E-02
   4.3040771396767105E-01   1.4478713203630400E-01   8.9094662362782734E-01   1.8331581159741052E-02
   6.3298957883942907E-01  -5.5894233032667841E-01  -5.3563762419163998E-01   9.3650061993263289E-03
   8.7466399139593118E-01  -1.7552764115671002E-01   4.5183287767193256E-01   1.4692594533496023E-02
   6.7080838846116286E-01   5.0949077633880399E-01   5.3892045312441103E-01   1.2430116120319549E-02
   9.6244788247397039E-01   1.7627206401954560E-01  -2.0645152692014563E-01   2.4111288093023648E-02
  -3.7308693197474021E-01   3.9676059217030132E-01  -8.3868180717739875E-01   1.5831737281382915E-02
   2.7325580251526564E-01   6.6813438259466009E-01  -6.9204603400828066E-01   2.0151643826174536E-02
  -1.4728384774496112E-01  -3.7547421640214344E-01   9.1505550706535583E-01   1.6961313858505424E-02
  -8.1320259711859694E-02   4.4970661689861435E-01   8.8946667957714904E-01   1.4100802180672021E-02
   1.0565600359805866E-01   9.4521988300242512E-01   3.0886272303495760E-01   1.6579785003501772E-02
  -9.8732507227252579E-01   1.4732672664139130E-01   5.9025734041893276E-02   1.5171260110499547E-02
   6.5855683258082660E-01   7.4557633577127937E-01   1.0207264961282016E-01   1.5269076013231074E-02
   7.9307278526166289E-01  -1.9681961976200925E-01   5.7645259523576299E-01   1.7770685582615801E-02
  -9.8789147989288732E-01   3.7511684705360899E-02  -1.5054334082119577E-01   1.3823177067509513E-02
   7.6019981040161273E-01   2.6759561218019021E-01   5.9202097649260823E-01   2.1390659511094551E-02
  -2.6181737424515190E-01  -8.1928348954725223E-01   5.1012373626273408E-01   1.5819695325090366E-02
   4.6605609507973442E-01   5.1875895882307805E-01  -7.1671532624873135E-01   2.1740241165074722E-02
  -2.9227634031294368E-02  -1.2257552136368012E-04  -9.9957277393103023E-01   1.7249828133777467E-02
   9.1096824045157269E-01   3.0046301220688413E-01   2.8259306995064740E-01   1.0862150557473595E-02
   5.5921822897404060E-02  -1.1689248546138006E-01   9.9156890661541634E-01   1.5165052656018913E-02
  -5.1354338059245039E-01   1.1719754475971049E-02   8.5798359168733551E-01   1.5236877715340801E-02
   4.3951745711391616E-01  -5.9368402570331504E-01   6.7406504323902041E-01   1.6114614513066037E-02
   3.3150925839167699E-01  -5.6726396185163041E-01   7.5386551133805834E-01   1.6499596654172796E-02
   4.2879843612416639E-01  -7.9115407853043979E-01  -4.3612741853971979E-01   1.6385158839155158E-02
   5.4328492081913566E-01   1.1294382873768391E-01   8.3191657415910285E-01   1.7745241208304094E-02
   3.1809856794098116E-01   8.3318686317337480E-01   4.5234163207603286E-01   1.6725028295070707E-02
   8.1212158240458496E-02   8.9930637498109646E-01   4.2971226334872785E-01   1.6594804471776809E-02
  -4.1928073838367430E-01  -7.6482877391648802E-01  -4.8912228431123674E-01   1.8574964400235105E-02
  -6.0585037184164036E-02   5.7533335535615464E-01  -8.1567210537324505E-01   1.1585540531000020E-02
   7.0835792703026685E-02   5.8927145016295314E-01  -8.0482386178280282E-01   2.1037044970404492E-02
  -5.0186914190238791E-01   8.0746723170423724E-01   3.1003876230248401E-01   1.3160137995072156E-02
   7.1023222716064768E-01  -6.1788615809268048E-01  -3.3732310792457314E-01   1.3384234439886713E-02
  -1.5057878800043356E-01  -2.4226062761441204E-01   9.5845491125675366E-01   1.5519525290913945E-02
  -1.5787247883428721E-01   9.1395062876477766E-01   3.7385896887353808E-01   1.6037448091525061E-02
   9.7311611190450992E-01  -2.2997405813553490E-01  -1.2528580786470531E-02   1.8674380360339679E-02
   5.5396194858324694E-01   7.6727347438337343E-01   3.2313708395898919E-01   1.5992798506325412E-02
  -9.7907245970342273E-02   9.6478102462709856E-01  -2.4415516727275914E-01   1.4685819796604777E-02
   3.1079540695444913E-01   9.2988401292565079E-01  -1.9677890517356424E-01   1.5095324442143134E-02
   8.8439157712945899E-01   2.4770703040732193E-01   3.9559166496433446E-01   2.1111452281626705E-02
   9.9515179505200084E-01  -9.7448363472881140E-02  -1.3293654923971462E-02   7.9868665566943226E-03
  -3.8484415129881245E-02  -4.7430361052961895E-01  -8.7951977512201420E-01   1.8687228109498427E-02
  -9.9936043410741159E-01   3.4144969065741541E-02  -1.0622797566807866E-02   1.7153522093573448E-02
  -8.0600510468521839E-01   1.8266317522511997E-01  -5.6301859262199069E-01   1.5916531196339660E-02
  -3.9809006262036428E-01  -9.1487170704659490E-01  -6.7335441548739662E-02   1.8100478711099746E-02
   1.1652646705899614E-01  -8.2016987330323622E-01  -5.6012762956356842E-01   1.5096489960344889E-02
  -9.3079540979179249E-01   3.6109054497842283E-01   5.6864078623631932E-02   1.1545123875278906E-02
  -1.9344859007253447E-02  -9.0934936258803116E-01   4.1558334084841632E-01   1.6892696801146178E-02
  -3.6029380222453726E-01   9.1822855278602819E-01   1.6445273158893405E-01   1.5183580744916476E-02
  -1.9003026266706246E-01   5.5150285942925432E-01  -8.1223955537270118E-01   1.8078744536216717E-02
   6.2563941029982705E-01  -1.6717100883229971E-01  -7.6199027689707152E-01   1.1844480138993955E-02
   5.3853827814155641E-01  -6.1202777361885205E-01   5.7913601795733518E-01   1.4695306636607052E-02
   9.0963279081112595E-05   5.3998765450743624E-01   8.4167293214480860E-01   1.8594256307331216E-02
   5.3366938714140363E-01  -6.0247214772395452E-01  -5.9348487465562609E-01   2.2369364001214142E-02
   3.7920168589858818E-01   6.8332816824536459E-01   6.2391401322145609E-01   1.7145957223074925E-02
   7.8726115014541271E-01   1.3898079785428920E-01   6.0075304352080234E-01   1.3534086014661057E-02
  -4.6658772543984152E-01  -2.2784306556999616E-01   8.5462473164573324E-01   1.3178152497794572E-02
  -3.1896443840125061E-01  -9.4714184754438051E-01   3.4409412456363135E-02   1.6881019147791955E-02
  -1.2784864331943928E-01  -9.8539518473131284E-01  -1.1247690567276691E-01   1.6871942804273780E-02
   8.4609720974826796E-02  -9.9638899614972942E-01   7.0826173337467110E-03   1.7517633396546832E-02
   8.8670729306911333E-02  -4.5334855077647233E-01  -8.8691182948084126E-01   1.5321703644935111E-02
   8.6007330219198880E-01  -1.7175931033034997E-01  -4.8038802459200677E-01   1.2089057484475571E-02
  -3.9978658612300215E-01   7.5488917678090263E-01  -5.1991635513336813E-01   1.6132738075058967E-02
   5.3849218720262790E-01  -8.3692845757828600E-01  -9.7861745423639110E-02   1.5721130963928297E-02
   2.6421957499455257E-01   9.0736870573929344E-01  -3.2690984695279095E-01   1.8791035336785542E-02
   2.3563637495187266E-01   4.1928963928693780E-02  -9.7093638348936472E-01   2.1681385644164152E-02
  -7.2619666067836767E-01   1.8096893512100233E-01  -6.6324102296281273E-01   1.2347583712896064E-02
   2.1557725278417758E-01  -4.1917964496118864E-01   8.8193813463997496E-01   1.5879871074059126E-02
   7.5613781666304156E-02  -9.6965631398095393E-01  -2.3248481408253320E-01   1.6076011107800183E-02
   4.1138747702796720E-01   6.2964425319671635E-01  -6.5902083287322046E-01   1.1786071595157825E-02
  -5.8131445668179377E-01  -7.3527219240037808E-01   3.4849434075102592E-01   1.7081785050227498E-02
   9.0234315113822152E-01  -4.1639829839158561E-01   1.1130720861892411E-01   1.6035244197613318E-02
