   0.0000000000000000E+00   0.0000000000000000E+00   1.0000000000000000E+00   8.3903149331375619E-03
   3.2361313249487095E-01   0.0000000000000000E+00   9.4618948444635400E-01   5.1935323474362249E-02
  -1.5994293143502044E-01  -2.8732062653633194E-01   9.4438610549432695E-01   3.3997520820702629E-02
  -1.1950990910505261E-01   2.3498280216545834E-01   9.6462451985846335E-01   4.2250297055500034E-03
  -2.6078166579213450E-01   2.9673017506642009E-02   9.6494167430924555E-01   7.9601005746302089E-03
  -3.6684929421965120E-02  -2.5829454316009377E-01   9.6536943442757898E-01   4.9323924824878346E-03
  -1.9006607656851123E-01  -3.9175848715283487E-01   9.0022229159334585E-01  -1.2912409535351272E-03
   9.7148655086068593E-02  -8.5110825212546430E-02   9.9162406497957036E-01  -3.0146195655183358E-03
   2.1311303910585093E-01  -5.1924511645135211E-02   9.7564679964292526E-01   7.7295691754089981E-03
   3.3391701715897372E-01   1.2049447097020828E-01   9.3486924653518439E-01  -1.3747568905893101E-02
   8.0933069193290680E-02   3.0720007494695868E-01   9.4819721169361024E-01   3.2715039861927959E-02
   6.3589135879289679E-04   2.2401906670663507E-01   9.7458455425584702E-01   2.2249865236954970E-02
  -7.3601164036838211E-02   1.2244518233283394E-01   9.8974241395218669E-01   1.7215436303239171E-02
  -1.9601253065116964E-01   1.3757663064781082E-01   9.7090254841941785E-01   1.9033903136824934E-02
  -3.7420855121270646E-01   2.4774680863827307E-02   9.2701357885814310E-01   3.1522650910368597E-02
   3.9175265438136568E-02   1.1035782731842127E-01   9.9311955399509130E-01   7.1935255662866142E-03
  -2.7707005677136913E-03  -1.4180937445276466E-01   9.8989010730266393E-01   2.9572854772242322E-02
   8.2991004451838996E-02  -2.1727604260617057E-01   9.7257576285319622E-01   4.1300417121004411E-03
   1.9069188502958731E-01  -1.6807571031587862E-01   9.6715415554381785E-01   3.5942505454321973E-02
   2.8256787905638303E-01  -2.3741790148977632E-01   9.2940203022038208E-01   4.5140983188850825E-03
   3.0753102756809171E-01  -1.2039180034994945E-01   9.4389113858082787E-01  -6.7593770469750662E-03
   5.0488448497071871E-01   2.4722744535149780E-01   8.2702493741169877E-01   1.9513361125062978E-03
   1.2066148003759626E-01   3.3737773172562102E-02   9.9212023963655404E-01   3.7715625427530543E-02
   3.6322509332238439E-01   4.2018920175820140E-01   8.3156994071860896E-01   4.9966083337220279E-03
  -8.0014378393404363E-02   4.3595184492242458E-01   8.9640598400448627E-01   2.2629451729326088E-02
   4.1472989574477630E-02   4.1723327736816750E-01   9.0785262206614412E-01   4.3812251985726096E-03
  -1.6096391928321334E-01   3.4170596757222826E-01   9.2591989308714737E-01   3.1378828970368455E-02
  -3.5548818316691015E-01   2.4209379494540361E-01   9.0278388669582607E-01   2.8562579730051332E-02
  -3.1274401438882253E-01   1.3657943332195019E-01   9.3996661635263354E-01   5.8673805894524493E-03
  -4.8252416217733227E-01   1.8559423264936953E-02   8.7568600578240172E-01  -3.0064994560555331E-03
  -3.1852620058832776E-01  -8.3369860054901998E-02   9.4424071399892000E-01   9.7349710395915014E-04
  -1.2680365171395573E-01  -1.7925525417887769E-01   9.7559642668537467E-01   1.0271263662651388E-03
  -6.8696918088835889E-02  -3.6813754917058396E-01   9.2723000293118840E-01   4.5502840750041224E-03
   5.2830272971742795E-02  -3.3387632785980652E-01   9.4113525061628742E-01   3.1282508139981541E-02
   1.7090219357340787E-01  -2.9035049150014803E-01   9.4153546524675313E-01   8.2123011351255748E-04
   2.5856044086252847E-01  -3.5627222334589991E-01   8.9789565167292355E-01   3.3795787251955582E-02
   2.2390728663030636E-01   6.8252719607587390E-02   9.7221761620535431E-01  -1.5989875306766581E-02
   3.9733166858357193E-01  -1.8377254735750403E-01   8.9908575563086774E-01   4.7749810189917525E-02
   4.2838684515097096E-01   5.8530015848437555E-02   9.0169781420738708E-01   1.2356574771579547E-02
   4.2269737850307684E-01   1.8582795402011988E-01   8.8701459836426757E-01   4.2576246086593156E-02
   2.3030444881383780E-01   1.7801109703522197E-01   9.5669844266041899E-01   5.6476377840530131E-02
   1.2103269669961478E-01   1.8532691337378480E-01   9.7519486335243001E-01  -4.9859896650365067E-03
   1.6106623104291653E-01   3.9616747550718617E-01   9.0394081696087429E-01   1.6199139806730959E-02
   1.9584656430472126E-01   2.8759457042678224E-01   9.3751452592003676E-01  -1.3174626981478079E-02
  -4.0986124807231183E-02   3.3226923421414533E-01   9.4229363447283844E-01  -2.5546528160114889E-03
  -2.3860074307740539E-01   5.3691853343702478E-01   8.0918982560011496E-01   1.4293755687852874E-02
  -3.9297639044340213E-01   3.4440876583978052E-01   8.5261489464282416E-01   6.3426561901941758E-03
  -4.7371573741854042E-01   5.3225739089373123E-01   7.0163770562948375E-01   4.2134979495717734E-02
  -5.6755919868426660E-01   2.2320893500522247E-01   7.9249878695346120E-01   2.1822286935940868E-04
  -5.8645586471590984E-01   1.3664127197653033E-02   8.0986592122908884E-01   1.1965520046565769E-03
  -3.5809630487758448E-01  -1.9481231015485480E-01   9.1313482040997033E-01   3.2790136609556408E-02
  -2.4504399822862206E-01  -1.9006432709559636E-01   9.5069921136910036E-01   9.8796405820627981E-03
  -2.7792282200584637E-01  -2.9788187089606319E-01   9.1324985409238799E-01  -1.0179557523009854E-03
  -2.4212396847596657E-01  -5.8594334566716677E-01   7.7333458448320824E-01   3.3628211233703892E-02
  -9.8346919749539374E-02  -4.7245647424936638E-01   8.7584973786354218E-01   3.2864585549414808E-02
   2.2207632860715054E-02  -4.4304142056696420E-01   8.9622604330867901E-01   2.7164103829792978E-03
   1.4207262727824474E-01  -4.0453175878603646E-01   9.0342095653783296E-01   5.4991567209060558E-03
   3.4248581302940599E-01  -4.1728907449899752E-01   8.4176795863073614E-01   1.0360883827974771E-03
   4.5044274445840386E-01  -3.5855661255430955E-01   8.1764203020537031E-01   3.8891187480911554E-02
   5.8473170058284251E-01  -1.8546862719990713E-01   7.8974060719838821E-01   2.5878762505933816E-02
  -1.4035462347441796E-01   3.1813783799575445E-02   9.8959004786310789E-01   1.0204845273711831E-02
   5.0403260788967596E-01  -1.2533526461790380E-01   8.5454210055859292E-01   2.0742692212394948E-02
   5.1737805459326366E-01  -2.9303165344793038E-03   8.5575192776312096E-01   3.5054596642802353E-02
   3.1805565903021197E-01   2.4548913297515935E-01   9.1573778089033872E-01  -1.5285596900971620E-03
   2.8195143276803387E-01   3.5786679608083855E-01   8.9018803958651808E-01   3.7759062916449197E-02
   2.4517628639524766E-01   4.6614866326178745E-01   8.5005529957096577E-01  -2.8629135117356163E-03
   1.2260593901113840E-01   4.9915261102462924E-01   8.5779627804420570E-01   1.8659334028383614E-02
   8.3110979888160141E-02   5.9636347206607487E-01   7.9840038464878357E-01   8.9794918734025408E-03
  -1.1942090545222765E-01   5.3343871918638168E-01   8.3736597746371508E-01   1.2779400559919678E-02
  -3.1618839778809810E-01   4.4376196067184467E-01   8.3851071511631598E-01   3.6599576581163359E-02
  -4.9881903665519091E-01   3.3548874457871935E-01   7.9914133351453040E-01   3.2662476430584606E-02
  -4.6454984896578315E-01   2.3494268694500943E-01   8.5381225786289061E-01   2.7802820641459757E-03
  -4.2379872869678649E-01   1.3103050485750553E-01   8.9622856702505018E-01   4.3809145061665413E-03
  -7.2273773431190582E-01   1.1464968203496881E-01   6.8154648983834817E-01  -8.1327828051568467E-03
  -4.6686231844167629E-01  -1.9638905145157341E-01   8.6224759558331847E-01  -3.6754527444289410E-03
  -4.2735056042077914E-01  -8.7843740896139532E-02   8.9980829941350179E-01   7.8166564120018264E-03
  -4.1757757700231792E-01  -4.0238424164613757E-01   8.1468760224992742E-01   1.0751123952148105E-04
  -5.2261945646129346E-01  -3.9817063705039368E-01   7.5387601601257072E-01  -3.5170711109351278E-03
  -3.0659055149977176E-01  -4.0096699837701335E-01   8.6326571804027647E-01   3.9250800021955107E-02
  -8.8797671284645289E-02  -6.8320241989718644E-02   9.9370383822791517E-01   1.1712623740832472E-02
  -1.2611231089456427E-01  -5.7077903271221197E-01   8.1136119013479106E-01  -1.0819174055882416E-03
  -3.6474795752444055E-02  -6.4094998439982369E-01   7.6671553184521004E-01   3.0701534043356093E-02
   1.1213315511220129E-01  -5.1159991501176547E-01   8.5187539140682861E-01   2.9252087754521998E-02
   2.2972846823446086E-01  -4.6879801011371142E-01   8.5290870355277341E-01   4.5311939580323468E-03
   3.6958588014745679E-01  -3.0023410486015928E-01   8.7935530900452789E-01   2.6782816813829768E-04
   4.8157057132959986E-01  -2.4386304336460828E-01   8.4179605660173653E-01  -1.7568890393997731E-02
   7.2415113999658267E-01  -4.8063389112841754E-01   4.9456666804426498E-01   2.1724781413722968E-02
   6.0002879648196740E-01  -6.3877081440407099E-02   7.9742407905646874E-01  -1.0699674153306089E-02
   6.0555666234240748E-01   6.0105831202462862E-02   7.9352909067543624E-01   1.4475431650454096E-02
   5.1773358307862142E-01   1.2290082876405188E-01   8.4666836674206820E-01  -8.9530414226740493E-03
   4.0049634713217701E-01   3.0816811678028814E-01   8.6292241118994787E-01   2.3444467403187831E-03
   5.4969910036903932E-01   4.1834583880370850E-01   7.2306131013150629E-01   3.6422425710844215E-03
   3.2535539011446430E-01   5.2761432658447695E-01   7.8470822125569306E-01   2.6543529692034057E-02
   2.0459424678143354E-01   5.6701702646078278E-01   7.9789277844050570E-01   1.8257373447536050E-02
   2.8210520318431218E-01   6.2577736251225974E-01   7.2719966096219934E-01   5.4179132266889631E-03
  -3.7448344080442708E-02   6.1412837015846397E-01   7.8831717378992918E-01   8.8852694838300045E-03
   1.7661715483771185E-03   5.1962962555583436E-01   8.5438980148569481E-01   1.4648529820772444E-02
  -2.3997628145693137E-01   2.4341182149807654E-01   9.3976702937115863E-01   1.1022778701716522E-02
  -1.9936515141097594E-01   4.4294761807899716E-01   8.7410007667373044E-01  -2.8274513414578583E-03
  -3.5632647742563783E-01   5.3305628946099741E-01   7.6738675630447890E-01  -4.8289134174720951E-05
  -2.7938060824576069E-01   3.4597256971823004E-01   8.9568379283025620E-01  -1.8319265589376387E-04
  -5.2959854144774674E-01   1.2217431804189837E-01   8.3940384851834952E-01   3.8336750283752309E-02
  -6.6502407687703213E-01   2.1690015796655397E-01   7.1463088279750071E-01   3.7930413336690635E-02
  -6.3310726067634544E-01  -9.2130882424247495E-02   7.6856170668504129E-01  -2.4548874608678801E-03
  -7.2495850096475571E-01  -9.2667258491374226E-02   6.8253054955996459E-01  -8.2380117603428715E-03
  -6.6832349699686819E-01  -1.9517341897662516E-01   7.1780989118766802E-01   4.4205714504454922E-02
  -2.0606627509000476E-01  -7.8163465807839322E-02   9.7541127883751546E-01   2.3652772105388155E-02
  -4.3900736647568923E-01  -4.9816788056702332E-01   7.4773076367863842E-01   4.0631087620523924E-02
  -7.5391292692276126E-01  -5.7362644328139200E-01   3.2026239583675000E-01   2.6421111835772630E-02
  -3.3106353025264940E-01  -4.9887123947539286E-01   8.0095219917354505E-01  -6.1856710068194153E-03
  -2.1713245233103624E-01  -4.9165544197389685E-01   8.4328430823901996E-01   7.9721929794359418E-03
  -7.3183850414652216E-03  -5.4566757052945344E-01   8.3796977493992503E-01   6.5583729163199624E-03
   1.7135179493270307E-01  -6.6856807191999889E-01   7.2364030815213435E-01   2.7547796230925079E-02
   2.0002542838041192E-01  -5.7341355582717037E-01   7.9447260619537622E-01   5.6311025822607128E-03
   2.8495610444362643E-01  -6.2972221747106624E-01   7.2266862901584163E-01   6.1180359897029505E-03
   3.1341071826307445E-01  -5.2829066473595753E-01   7.8910246180750442E-01   2.9103457012681444E-02
   4.2111469628321920E-01  -4.7371445894706738E-01   7.7347076477316143E-01   9.0002876088256744E-03
   5.2462414702522686E-01  -4.1243015483977627E-01   7.4476229210191045E-01  -1.0638096623444874E-02
   6.5767444065298175E-01  -2.4658063152590519E-01   7.1180216511898404E-01  -6.3827602033033006E-03
   6.8526111160003129E-01  -2.8772998446730904E-03   7.2829178910261873E-01   2.9821321296853419E-02
   7.6057225751611188E-01   5.3857604433993895E-02   6.4701560996739226E-01   1.2304527910728686E-02
   5.9929992177646358E-01   1.8338955675375137E-01   7.7923544210487962E-01   3.5650237301502274E-02
   5.8089213632721339E-01   3.0365396963090973E-01   7.5522088999219070E-01   6.5628262989879804E-03
   4.7801218564979528E-01   3.6590658222222396E-01   7.9850906285198579E-01   3.0042011849939549E-02
   5.0771817572228155E-01   5.2596905626909205E-01   6.8233335393240093E-01   2.1275703159446752E-02
   4.3877283311803321E-01   4.7621725624542809E-01   7.6203380881142726E-01   8.1647306007476299E-03
   4.6958440731462127E-01   6.2975147822858676E-01   6.1879201681654372E-01   1.4766522109183773E-02
   1.4109940389381172E-01   8.6819378755438663E-01   4.7574205770856528E-01   1.2975110014100603E-02
   7.0524864519939276E-02   8.2433668012682588E-01   5.6168966634782178E-01   2.2723394399002212E-02
   1.1747921090216286E-01   7.4752559152088817E-01   6.5376151999574840E-01   1.1563341297604305E-02
  -1.5658488502324710E-01   6.2351555614250875E-01   7.6596966325733459E-01   1.7492596755984179E-02
  -4.9964515959432720E-01   6.1414483040850580E-01   6.1088529346880413E-01  -1.3572706146399449E-02
  -1.9096167045423278E-01   7.0578081798765630E-01   6.8220750316747746E-01   1.8787920328330887E-03
  -5.2801526074453200E-01   4.3260573429939297E-01   7.3078872670024601E-01   2.7935415987455813E-03
  -5.9788849551090557E-01   3.2071800696585119E-01   7.3462188025102959E-01   6.1064472650994776E-03
  -7.3662894442646011E-01   5.3125402383622590E-01   4.1850562766942314E-01   4.4826249164998968E-02
  -8.0275897404126634E-01   1.1635143132829275E-01   5.8484217873206709E-01   2.3779872768638825E-02
  -6.8321568806113326E-01   1.1375867606254643E-02   7.3012801153178408E-01   4.2854021969241271E-02
  -7.5582538875244331E-01  -1.9418449000699558E-01   6.2531621245409985E-01   1.0296238848853693E-02
  -6.8090939468521503E-01  -6.5754469900804544E-01   3.2248622456755131E-01  -8.9550054788389470E-04
  -5.7079520454104715E-01  -1.9526919556244690E-01   7.9753543854636266E-01   7.2116252025075544E-04
  -4.9821494050575978E-01  -2.9984606029153271E-01   8.1355652119842822E-01   4.1075584319812969E-02
  -7.8527036383216319E-01  -3.8805381920187711E-01   4.8245692977688587E-01   6.7711945674722899E-03
  -5.4028365617704388E-01  -4.9109052445341605E-01   6.8331813063904176E-01   6.6106147501459435E-03
  -5.9995765861827754E-01  -6.9542002952222254E-01   3.9552723092675346E-01   2.8266113130811728E-02
  -6.5249091631384894E-02  -7.2701616009382981E-01   6.8351302767665069E-01   3.7432622118371168E-03
  -2.9396263748109161E-01  -7.4988722333831905E-01   5.9266779905703179E-01   8.8951929516061607E-03
   8.2357610379984524E-02  -6.1113721125372819E-01   7.8722838683161997E-01   4.4794808312563212E-03
   5.3471223367432347E-02  -7.0163705022145093E-01   7.1052535354351098E-01   5.0667215417477287E-03
   3.2075694986799776E-01  -8.2791803302406741E-01   4.6007250483476846E-01   1.3413976843735238E-02
   4.7652434941458556E-01  -6.2088038892924792E-01   6.2244042852153480E-01   6.6811053089036356E-03
   4.9485568355323348E-01  -5.2421142575032337E-01   6.9305139316494788E-01   2.7228324878145326E-02
   5.9275122772442863E-01  -4.6076609638302450E-01   6.6056081207950247E-01   2.6609868530134206E-02
   7.1619208714351243E-01  -3.2298614812638879E-01   6.1866698831560267E-01   2.5609582313532595E-02
   8.8299398432905569E-01   4.7102256166180920E-02   4.6701499023345558E-01   1.2127919733910426E-02
   9.2450813097470234E-01  -3.7341056681100139E-01   7.6480483494478512E-02   5.6901869277112346E-03
   6.7475901902987427E-01  -1.2540803889270148E-01   7.2730536229215880E-01   2.1158961489363918E-02
   6.8494719161094312E-01   1.1910906880935072E-01   7.1879091148375771E-01  -4.1533797370004679E-03
   7.3835794487350483E-01   2.8970294629149249E-01   6.0901539237707531E-01   8.5772281916132460E-03
   6.4970870343501507E-01   3.5505586993763444E-01   6.7217105702612727E-01   2.6050885112858099E-02
   6.7138150601695887E-01   5.0643723587556346E-01   5.4108058503065805E-01   1.8598336684776970E-02
   4.7827576708845480E-01   7.5073968074510286E-01   4.5567776154942123E-01   1.3006329025795404E-02
   4.0024505838720525E-01   5.8213811321123145E-01   7.0775639197642714E-01   7.2005468505037937E-03
   1.6287342707522956E-01   6.6157610149612740E-01   7.3197630336094601E-01   1.0005888439660914E-02
   5.6687874931795816E-02   9.6490018523131286E-01   2.5642565662642855E-01   1.4048134837777492E-02
  -4.7013006447071541E-02   8.3957411597603019E-01   5.4120705927387433E-01   1.6742522774380022E-02
  -2.7915723916054382E-01   8.3394729072188233E-01   4.7602852028202597E-01   4.4885312000613959E-02
  -1.1736018408213342E-01   7.7850784505329198E-01   6.1656477549620625E-01   2.2596046973679340E-02
  -3.0339648755222432E-01   6.9987744449489417E-01   6.4662364171770683E-01   1.9690409436448646E-02
  -6.2049041400969144E-01   4.1499271227320484E-01   6.6541167323861305E-01   2.8979395207920770E-02
  -3.8851068414092409E-01   6.1151559136585786E-01   6.8928087876047747E-01   1.0480152798389679E-02
  -5.7792418051195628E-01   5.1375023962324997E-01   6.3408543025891797E-01  -9.2003490745174172E-03
  -6.9055168728908373E-01   3.1531789651846375E-01   6.5093240149601614E-01  -7.4354789108968324E-03
  -7.6963928768200133E-01   1.1178008769871390E-02   6.3838109227661377E-01   1.2453038541704750E-02
  -6.3038816302875035E-01   1.1627239337811479E-01   7.6752296021119956E-01   2.6175500093255137E-04
  -8.0588113178589182E-01  -9.1561783720140343E-02   5.8495473431153310E-01   2.9767181443466954E-02
  -7.7643168140225764E-01  -2.9222268006633939E-01   5.5835450152184593E-01   2.9387751938005379E-02
  -3.9066406029505905E-01  -3.0119261232516314E-01   8.6986470343066706E-01   3.8406881119165410E-03
  -6.9411270546937888E-01  -2.9418144195795967E-01   6.5701204807333235E-01  -8.4949001841147211E-03
  -5.9986347994955115E-01  -2.9554226439183297E-01   7.4351770347515087E-01  -8.5790992840498567E-04
  -7.1698725318382994E-01  -4.8047669480499983E-01   5.0504596278078448E-01   2.2086054511506958E-02
  -5.5256683320784727E-01  -5.7797606141839841E-01   6.0051108837882978E-01   3.3226233580433963E-02
  -3.5280507193222683E-01  -5.9076393744392108E-01   7.2562149322815061E-01   1.0605398463686177E-02
  -3.7698690308309199E-01  -6.7451897521627071E-01   6.3474800273574025E-01   3.2643850950375941E-02
  -1.5412995194009644E-01  -6.6172457635862489E-01   7.3373329143357128E-01   7.6732435838701160E-03
   2.5757339831736931E-02  -7.8130468091827260E-01   6.2361811633401771E-01   2.7198359813259247E-02
  -2.2679168030325960E-01  -8.7480122333657170E-01   4.2812189081389160E-01   7.2326192974831036E-03
   1.4526176244724055E-01  -7.5234003158885585E-01   6.4256011177134304E-01   7.4201510951140994E-03
   2.3500284032432965E-01  -7.9641443730878194E-01   5.5722321298168653E-01   2.5707400873306913E-02
   5.7712717009192218E-01  -5.5341694537156369E-01   6.0054468119973982E-01  -4.4942252428112201E-04
   5.5469191670306017E-01  -6.4510244360452970E-01   5.2550900544115286E-01   2.4473093044083529E-02
   3.9306582231478044E-01  -5.8168600491554105E-01   7.1213808423184516E-01   3.5094993292491820E-03
   6.3047811562747879E-01  -3.5678542236883870E-01   6.8934861144410284E-01   1.4057817874762208E-02
   7.8816772290474821E-01  -2.5111390399738073E-01   5.6190163533339010E-01  -1.0251659915455131E-03
   8.4368602416769036E-01  -3.7528447067144856E-01   3.8386906452196161E-01   2.0118240196070393E-02
   5.5936269467680732E-01  -3.0130659136199056E-01   7.7222258048163761E-01   2.7370903526524048E-02
   8.2517633952319151E-01   1.1060869363942344E-01   5.5394018231437813E-01  -2.4558336895322412E-03
   9.2748976123187922E-01  -2.4018801644431406E-02   3.7307618521904748E-01   3.1318280274896332E-02
   6.7319685302120575E-01   2.3894092393759174E-01   6.9979513570058138E-01   3.4360974008852962E-03
   7.2275414360386003E-01   6.1053492316829167E-01   3.2384186803954024E-01   1.5654596157763595E-02
   5.3346327897691843E-01   6.7161340565291824E-01   5.1415208190814816E-01   1.3739122943732773E-02
   3.7625073844326308E-01   7.9798521149207495E-01   4.7080248943781910E-01   1.5250642075284592E-02
   2.5759107122472020E-01   8.3652104602976802E-01   4.8361077280656576E-01   1.9832469097019258E-02
   4.7760205488707976E-01   8.4984564300436815E-01   2.2284223171143047E-01   1.7724512756866297E-02
   2.3738016336057605E-01   7.1729091702392473E-01   6.5509113747469003E-01   2.0204740036035833E-02
   1.4037034884774415E-01   9.7724873177205431E-01   1.5900025601952383E-01   2.2366186909823864E-02
   2.4077970456605366E-02   8.8837364654668498E-01   4.5848938423919509E-01  -4.3800225631926261E-03
  -4.1606829816851673E-01   8.9856673768629953E-01   1.3951698528478573E-01   3.1370767466468443E-02
  -4.2800452975888445E-01   4.4262732217501135E-01   7.8796775071702951E-01  -2.3177732063737574E-05
  -5.9136049786633728E-01   5.8972577641725010E-01   5.5001479088507192E-01   6.3736225356044426E-02
  -4.5928576141414048E-01   7.2664437366141774E-01   5.1092518394422405E-01   4.4793660691434560E-02
  -7.6052899422569524E-01   4.3184082452924297E-01   4.8488055355103281E-01   1.0202830600253094E-02
  -7.5211266485982788E-01   2.1754099902080485E-01   6.2209521224847765E-01   1.8562200849206906E-02
  -7.6528283000670640E-01   3.2540181409172674E-01   5.5538801705000784E-01   1.4128280063761373E-02
  -8.6767746307122344E-01   1.2285932041765414E-01   4.8170676501871723E-01   5.4891670404998222E-03
  -9.0863230745171446E-01   3.4874937266699119E-01   2.2969807339059964E-01   4.6429005059022374E-03
  -7.1079752536245788E-01  -3.8883568071524749E-01   5.8615159416427085E-01   1.3457120232302799E-02
  -8.3112754674039042E-01  -1.9198192565241944E-01   5.2189073690964180E-01   5.1848871521112362E-03
  -9.7044719295526142E-01   7.2921848685110752E-05  -2.4131357269672548E-01  -2.0125308267662496E-02
  -8.9542071614770222E-01  -2.9101566606465061E-01   3.3694454024139322E-01   1.3718122328515636E-02
  -7.0001063559585290E-01  -7.1302020360314912E-01  -3.9840925019556973E-02   2.1587468152085524E-02
  -6.2105302852672528E-01  -3.9057723714742390E-01   6.7951641450377593E-01   4.0719027549238218E-02
  -5.7503990933975321E-01  -6.5029677360364699E-01   4.9643046734383196E-01  -6.4814523706317244E-03
  -3.9791250841893237E-01  -7.4815930662158303E-01   5.3096448803970410E-01  -1.9495099906450469E-03
  -2.0864641939763730E-01  -8.1378370482653075E-01   5.4242303917823306E-01   3.3687545044726134E-03
  -3.1456364370183393E-01  -8.1722506713974638E-01   4.8290051118161256E-01   2.9356022586569725E-02
  -1.8205284948256474E-01  -7.4311234592876909E-01   6.4392608374216369E-01   3.0024163812125737E-02
  -3.3289154257330131E-02  -9.5318355211009340E-01   3.0055440139118956E-01   2.5702441706047123E-02
   1.1883314733395169E-01  -8.2452010343671791E-01   5.5321359538916929E-01   6.0310373685380707E-03
   3.4664111014459253E-01  -7.5748172526498303E-01   5.5322814159016653E-01   3.6533162183801453E-03
   2.0825753711390988E-01  -8.6231440355390418E-01   4.6156545327691400E-01   5.1367368441974443E-03
   2.6050767743120180E-01  -7.1874861126057165E-01   6.4462096134891586E-01   6.3956007551286644E-03
   4.5343190570184388E-01  -7.0764201550173631E-01   5.4188770496130880E-01   9.2629783678229742E-03
   7.6623293012975217E-01  -3.7894037396234652E-01   5.1893283743279470E-01   1.1294849946532483E-02
   6.4782282544890605E-01  -5.6141385454151668E-01   5.1491753782157498E-01   2.0031523685900833E-02
   7.3758393058426783E-01  -1.9225802849774977E-01   6.4730734262946558E-01   2.4257921051392834E-02
   4.1682048474464119E-01  -6.3795869928573649E-02   9.0674735757944109E-01  -1.6974234838761974E-02
   9.2740477102079168E-01   9.5640597433823462E-02   3.6162586579277529E-01  -3.4750928372658229E-03
   8.2475037318567547E-01  -9.0440510851506719E-03   5.6542464314005469E-01   2.9425293429940229E-02
   8.9088238441186753E-01  -2.5926852803219686E-01   3.7297239511342294E-01   8.9851023864489611E-04
   8.1403475460994325E-01   2.2806079214361281E-01   5.3416822572477808E-01   3.5130015237012148E-03
   7.5512108247080700E-01   1.7348251339882749E-01   6.3221512822214425E-01   3.2899432445203276E-02
   7.9132429805466388E-01   3.4217965838677426E-01   5.0667438922310239E-01   2.5949720731672347E-02
   6.1422967204988481E-01   4.6565693064813142E-01   6.3709146353789147E-01   1.3091184061576974E-02
   4.2076347946087446E-01   7.1670393506009846E-01   5.5614167603349837E-01   1.1462361408571546E-02
   6.0007834229581336E-01   7.9776553091186839E-01  -5.8958805927643451E-02   2.8973249570703529E-03
   9.0283229503504660E-01   4.2151595070694405E-01   8.4959698336162023E-02   9.0693387635202054E-03
   3.5379696197403576E-01   6.7608014725493088E-01   6.4633067711945537E-01   1.7380490210928154E-02
   4.5355041019303996E-01   8.8480973836189669E-01   1.0678835289336205E-01   2.5240316348195732E-02
  -8.4691208962358661E-04   7.6846379733483995E-01   6.3989270579186197E-01   2.7647048904266453E-03
  -7.5423859369071699E-02   7.0094459704085609E-01   7.0921640795818197E-01   1.4868311918993873E-02
   2.2825330272675472E-02   9.8960071308980186E-01   1.4201912881756094E-01   1.0464565392211917E-03
  -2.3186596406784611E-01   7.7754958202336696E-01   5.8451246539502941E-01   2.0984593946043985E-02
  -2.7340196201321953E-01   6.2237597568132372E-01   7.3341632928510822E-01   1.5888799457303588E-02
  -5.5401070146552422E-01   6.7542745124545966E-01   4.8669281971870077E-01  -1.8940856538065482E-02
  -7.0241193144772822E-01   6.2597086847641127E-01   3.3878894665965630E-01   3.4471576474319620E-03
  -6.5322088854972291E-01   6.1140123812961082E-01   4.4664415005224169E-01  -7.8565943336868171E-03
  -8.5603874932871910E-01   5.1489229941404355E-01  -4.5646244663074320E-02  -3.6723375460003406E-03
  -8.2236182585980781E-01   2.2581041685103953E-01   5.2223623295409415E-01   8.9320057834047759E-03
  -9.2716520175634737E-01  -8.5039458074221929E-02   3.6487392236573192E-01   1.1073240791598299E-02
  -9.5570173766191626E-01   1.3485122549775798E-01   2.6162823932394352E-01   2.5431292084745980E-02
  -8.4358113762217232E-01   1.3470316135861724E-02   5.3683276244216067E-01   5.5344522377145892E-03
  -8.6309590914726790E-01  -4.7331738224671795E-01   1.7617067655079683E-01   3.1240867697307019E-02
  -8.3930513501630983E-01  -5.4272172025248801E-01  -3.1937825558952650E-02   3.1550558479428074E-02
  -5.3269501963464200E-01  -9.0367842844983723E-02   8.4146875701715302E-01   3.9596281905131792E-02
  -4.5652992791947655E-01  -5.8786711095903694E-01   6.6782683741110071E-01  -8.2608579087160656E-03
  -6.8629630145537481E-01  -5.9197301828131720E-01   4.2256991402084036E-01   1.4197859905833480E-02
  -6.1010270885872719E-01  -7.4210840177819656E-01   2.7757846575960085E-01   1.5458877835187765E-02
  -6.4129831219121005E-01  -5.6297194928119989E-01   5.2134351353328591E-01   1.7040723090018287E-02
  -3.2086395602938013E-01  -9.1268445077397899E-01  -2.5308776153061245E-01   2.0530956132215441E-02
  -3.4557308036233731E-01  -9.0584503260144462E-01   2.4499800619632225E-01   1.1260084581369174E-02
   5.7429675854893993E-02  -9.9724420515377545E-01  -4.6966239134260430E-02   7.3180141069667579E-03
   9.1637286582409043E-02  -8.8471336327328415E-01   4.5703924618514673E-01   2.3593632017612358E-02
   2.8846340150548988E-01  -8.8738139331434737E-01   3.5964305747695171E-01   1.6240607758565081E-02
  -3.8856837962815951E-02  -9.8046327510154007E-01   1.9282611939437295E-01   3.4479057325264332E-03
  -2.2055008572702266E-03  -8.4938656098079476E-01   5.2776662057313474E-01   7.0260057188367595E-03
   5.3218029258975825E-01  -7.2410382013813379E-01   4.3870011835015549E-01   8.0073511967345112E-03
   4.2898854331020173E-01  -7.8224744229900355E-01   4.5172753815243371E-01   2.1659717499498229E-02
   6.2855963472668978E-01  -6.4988260040069985E-01   4.2727671512577707E-01   3.7301468172991349E-03
   6.0341620540798093E-01  -7.2408099733786288E-01   3.3405926471995832E-01   2.3904670508373326E-02
   9.1578002980253039E-01  -1.4237439455611358E-01   3.7560147602166917E-01   1.3671403012991028E-02
   9.4921414002560151E-01  -2.7776857886249621E-01  -1.4777392521066401E-01   2.6591526969397092E-02
   7.5185737629645688E-01  -6.2434080455232869E-01   2.1191754405796383E-01   7.3169162546983033E-03
   9.7257633783760333E-01   1.8528995686326856E-01   1.4058057818917976E-01  -3.1799214037895797E-03
   8.7724926218870340E-01  -7.1357070151702659E-02   4.7470190702033256E-01  -3.7305923390784530E-03
   8.7713198177722446E-01   1.6525832931770483E-01   4.5092036008000322E-01   3.3715695980894078E-02
   8.5928220906060044E-01   2.8156891557005083E-01   4.2702813838977888E-01   6.6688852900472435E-03
   6.2162407515967466E-01   6.0522585292905421E-01   4.9727776556787439E-01   1.5070768319977330E-02
   7.8570595060393202E-01   5.0413910803330050E-01   3.5848280145211934E-01   2.1971171277594403E-02
   7.1034345126874187E-01   4.0118844957080304E-01   5.7832517597852151E-01   3.4791750730530242E-03
   9.5291487724771677E-01   1.4222536907832939E-01  -2.6781557294246729E-01   7.5062315605731573E-03
   3.3073173491918899E-01   8.5962331777629508E-01   3.8944097248828120E-01   1.0976087004758681E-02
   3.0802602577574362E-01   7.6295830084714530E-01   5.6834373280017604E-01   7.8432373111630422E-03
   1.8860825203129174E-01   7.9781909193822331E-01   5.7263568156775690E-01   7.5120876545608963E-03
   2.8330428560482214E-01   9.1588072328254312E-01   2.8443133174351014E-01   2.7126163695417959E-02
  -1.6614797944396642E-01   9.7988608440427800E-01  -1.1053556223017011E-01   1.9289533782093744E-02
   1.6008316372165085E-01   9.7254521555286004E-01  -1.6890584477189671E-01   2.1036536260947280E-02
  -3.4414538302402588E-01   7.6469438555884030E-01   5.4479946038706241E-01  -1.3313131855561306E-02
  -4.1268951937720563E-01   6.8324579372314628E-01   6.0238073172690285E-01   1.8954285775770603E-02
  -2.1842994743212025E-01   9.7163809689439819E-01   9.0596725814090302E-02   2.6517431834016913E-02
  -2.5745643387660632E-01   9.2223936085702273E-01   2.8842806025345524E-01   3.5821495961001601E-02
  -6.9451312434296683E-01   4.2152647545630070E-01   5.8306684917319664E-01   2.7621510692161916E-02
  -8.7374551097077812E-01   3.4421086786953205E-01   3.4363885184728082E-01   1.9319624278275105E-02
  -9.4839548208815998E-01   2.3474266365678242E-02   3.1621981021650098E-01  -5.7874178981113200E-03
  -8.4316439083039114E-01   5.3273335746910746E-01   7.2587739152751531E-02   2.4925373966373940E-02
  -8.8163460345993360E-01   4.4674048276195641E-01   1.5212944173847344E-01  -5.5939762554840966E-04
  -8.2629321903085148E-01   3.3545042699249232E-01   4.5245168495010377E-01   1.5006340192506950E-02
  -9.1852636844568529E-01   1.2967877775687153E-01   3.7348724887131687E-01   1.4479383856637387E-02
  -9.0316392537687448E-01   1.8638452666132419E-02   4.2889104907895623E-01   2.9310212702549653E-02
  -8.9211810182653472E-01  -1.8966938177253261E-01   4.1006196850164737E-01   3.4122620641876295E-02
  -9.6531008867970449E-01  -8.2339376416054559E-02   2.4778349376945207E-01   3.5701336026344914E-02
  -8.4431668616191721E-01  -2.9039940997308244E-01   4.5033045217467151E-01  -9.9173821404233688E-04
  -8.8708409331312569E-01  -3.8342199729276185E-01   2.5703965332776808E-01  -7.4417231903637768E-03
  -5.1995096110216563E-01  -7.7893300625406993E-01   3.5059145713626720E-01  -5.5580076402816001E-03
  -1.3995711724255328E-01  -9.8166338340517196E-01   1.2941795476155890E-01   3.1452102059587629E-02
  -6.3429822801874742E-01  -4.8004855620311204E-01   6.0598609028556467E-01  -6.0655674002613420E-03
  -2.6850623938446762E-01  -6.7273602978759612E-01   6.8944226272925392E-01  -2.1874065735665420E-03
  -3.3287280291068532E-01  -8.6895982883660014E-01   3.6620283034221703E-01  -7.6389269404008732E-04
  -6.1930727931012459E-01  -7.8456343638004923E-01   3.0310197772692570E-02   2.0825174537376849E-02
  -1.2055309453480007E-01  -8.6584609177997080E-01   4.8556925020787087E-01   2.5498524454255289E-02
  -2.2318325777146159E-02  -9.8859320183193819E-01  -1.4894755327356619E-01  -3.4704532818260447E-03
   6.2353215026971939E-02  -9.3311679652979471E-01   3.5412585419561510E-01   3.6357010476995457E-03
   3.1398412586357919E-01  -8.1507428037418598E-01  -4.8689617597408476E-01   2.0486368226782838E-02
   3.7106997207071312E-01  -6.7516299668265133E-01   6.3754372692227345E-01   2.7957653948511769E-02
   8.1265037374746089E-01  -1.2971380847301863E-01   5.6813176107267331E-01   1.6956147018454108E-02
   8.5792953316466071E-01  -5.0047943488597370E-01  -1.1609156463793457E-01   1.0954691024019513E-02
   6.6369495581837636E-01  -7.1349667422694036E-01   2.2456959163773428E-01   2.4954101937658403E-03
   4.6527351213434062E-01  -8.8446949723299841E-01   3.5132141559868141E-02   2.3295416929166119E-02
   9.4410109500093586E-01  -3.2781633877514360E-01  -3.4778879368003057E-02   1.0792220768108728E-02
   6.7724746716698351E-01  -4.3948348102490815E-01   5.9007638329468417E-01   8.6239931840530719E-04
   8.3003485323302754E-01  -3.0338257707670308E-01   4.6797559161213149E-01   1.6713325663934397E-02
   8.9800641429286685E-01  -3.3962893066757882E-01   2.7970818604836229E-01   8.7534412024666394E-03
   9.3778268970001565E-01   2.6083351364586064E-01   2.2919316101960554E-01   5.2265584239412588E-03
   9.1496527526977224E-01   2.1450534862128276E-01   3.4179818674675837E-01   2.0323764525637479E-03
   9.0398898909973475E-01   3.7787330592284087E-01   2.0003917680640252E-01   2.7090783300543366E-04
   8.8958015366192206E-01   3.3108304340716401E-01   3.1469218067673816E-01   3.0200779447871659E-02
   8.2716347096348332E-01   5.5816319937125022E-01  -6.5226031393091767E-02   1.2491384088544845E-03
   6.3851503872046890E-01   6.5712441317498093E-01   4.0060710295404771E-01   1.4816029785570144E-02
   5.6148384845714902E-01   7.3426868089608898E-01   3.8155653863728575E-01   1.2458903866865977E-02
   7.1019879740753824E-01   5.5608905722025339E-01   4.3172054456647810E-01   5.5673991394528643E-03
   7.2519617264490978E-01   6.5554717751361337E-01   2.1059062000741981E-01   1.9548345767236858E-02
  -7.6826733342668127E-02   9.7780706583984446E-01  -1.9491278828637357E-01   1.2177831000216132E-02
  -9.3293501996468606E-02   8.9644725129776112E-01   4.3321893786620604E-01   4.1560621182700501E-02
  -1.9459713554375206E-02   9.3729475940235396E-01   3.4799404239909770E-01  -4.0883282931672786E-03
  -3.9680574873062584E-01   8.0517040509548749E-01   4.4073327141559905E-01   1.8631011840382825E-04
  -1.6362309359119418E-01   8.4304941211729218E-01   5.1234282660376457E-01  -1.1112593100078487E-02
  -2.1059617645923451E-01   8.9163261732989678E-01   4.0079985800170740E-01  -4.9782415330555433E-03
  -4.4491573673239495E-01   8.3220036193616131E-01   3.3089657719775891E-01   3.8792092408511411E-02
  -3.7526313125887336E-01   8.9138830780140576E-01   2.5417408804347458E-01  -5.5497653937022253E-04
  -6.0827315932630110E-01   6.9929816810055003E-01   3.7548080607990499E-01   5.2123393239534161E-02
  -8.1762059108109763E-01   5.4308476012713615E-01   1.9119495902833726E-01   1.4155660317954106E-02
  -9.7940032443150641E-01   2.6441563418579483E-02   2.0018953076382666E-01   1.7734371034547842E-02
  -7.4165074364535730E-01   6.3152413584082971E-01   2.2612262226672936E-01   3.7108718936122180E-02
  -8.5264419357316310E-01   4.4849402763964389E-01   2.6805034291628997E-01   3.0808862939900087E-02
  -9.1375481038542840E-01   1.6000395416369679E-01  -3.7343122680015850E-01  -5.2407282823736709E-03
  -9.3719927868368753E-01  -1.8824453114110671E-01   2.9363499200579017E-01  -1.1486104446603644E-02
  -9.0851333093815132E-01   4.0945210816824033E-01  -8.3381644408399573E-02   1.6299625237065315E-02
  -8.7387836596311210E-01  -8.8788545454348088E-02   4.7796777684038751E-01   8.4328279244909758E-04
  -9.1628892768230620E-01  -3.1832051146354305E-01  -2.4307746293804735E-01   1.2236352645179797E-02
  -9.5769695565542374E-01  -2.7374274663000530E-01   8.8777529791014107E-02  -1.5285886458872344E-02
  -8.2696810830414957E-01  -4.7916690594540138E-01   2.9414762296263310E-01   1.1811718390877567E-02
  -8.3118139421285892E-01  -5.4866304069955749E-01   9.0035313542429395E-02   8.0719755529055330E-03
  -7.0190117355424543E-01  -6.7942459090276461E-01   2.1381526568461817E-01   2.0025171995940347E-02
  -8.8840501356048626E-01  -4.5653994275376508E-01   4.8039697657054549E-02  -4.1830826157387015E-03
  -4.7811582641066276E-01  -6.6822611349174589E-01   5.6998168197176770E-01   1.3117153100070662E-02
  -4.3550096864280591E-01  -8.4869381018189464E-01   3.0009618936287085E-01   2.7480686526577517E-02
  -2.4261323840080857E-01  -9.1935137802576285E-01   3.0972868816886052E-01   2.9770015823745520E-02
  -9.3513744400912486E-02  -8.0219098991424093E-01   5.8969890224463803E-01   6.7072060890842752E-03
   3.5443382362100388E-01  -9.3422870918864404E-01   3.9917209335263969E-02   9.1435040063735080E-03
  -1.3399314651930580E-01  -9.2042569468479094E-01   3.6723613282175238E-01   6.4610334192325282E-03
   1.1579421383246517E-01  -9.9202139133238489E-01   4.9852373884102432E-02   1.7004217943632442E-02
   5.0346378572177208E-01  -7.9230931427904511E-01   3.4463047888045359E-01   8.3495042113762920E-03
   1.8459905572795660E-01  -9.7074734910991935E-01   1.5353427246191973E-01   7.9298703824603764E-03
   5.7011148790144927E-01  -8.2105356990103430E-01   2.9050416788113349E-02   8.9137768976589164E-03
   3.5027656163247060E-01  -9.0164376575352882E-01   2.5366286690946608E-01   1.0069462178691110E-02
   9.1046104340168874E-01  -3.9126961011045819E-01  -1.3404768051674045E-01   6.8320867442074595E-03
   7.5745185761554978E-01  -6.5285132403397323E-01   7.1994514958378275E-03   4.8786535051990025E-03
   9.3806315908089104E-01  -2.9937333925594295E-01   1.7439355870537500E-01   8.2656441297814868E-03
   9.8885805515911844E-01  -1.3682305663043778E-01   5.8644675131080177E-02   8.8330688243670607E-03
   9.6431416622522512E-01  -2.5645858318223297E-01   6.5781334202877337E-02   2.8219563075482279E-02
   9.3674803301767930E-01  -2.2035819008887611E-01   2.7192901775695679E-01   3.0359451121867069E-02
   8.5995905471665157E-01  -1.8830405201177427E-01   4.7435430661773274E-01   2.3208645987427978E-02
   8.8950865918281856E-01   3.1990596503564336E-01  -3.2624303636000839E-01   3.2640634106206802E-03
   7.9445849703503013E-01   5.5497541061912301E-01   2.4665358318292640E-01   3.1137594638297430E-03
   7.5068922311232135E-01   6.5268471761569308E-01  -1.0231495342295979E-01   7.8057625810593904E-03
   9.5700032537472026E-01  -1.0123783480715673E-01   2.7184789503735062E-01  -2.2910424873033852E-03
   9.5735847681692387E-01   1.4076666498142795E-01   2.5228851122630562E-01   3.8669003909900787E-02
   7.5695103522916253E-01   4.5178091356586351E-01   4.7214313126751399E-01   1.3803187668417518E-02
   6.4735743980895685E-01   7.0467832332143673E-01   2.9044243106832956E-01   7.9168512589503761E-03
   2.5523126438536465E-01   9.5137549677747408E-01   1.7245772180932559E-01   1.5693356306009813E-02
   5.3077370608766392E-01   8.4716960804082344E-01   2.4143904777891083E-02   9.4458398204895583E-03
   3.8997688193721842E-01   9.1217126215098716E-01  -1.2594292382027705E-01   1.0360779359537930E-02
   7.6583132220256215E-02   9.9465764823358817E-01  -6.9218398347276517E-02   8.7914269084290008E-03
   1.1902231125580689E-01   9.5209624143018487E-01  -2.8168499512370420E-01   8.8447448196644149E-03
  -2.9985035768099145E-01   9.3800694516463298E-01   1.7387562745104538E-01   7.6513931403192358E-03
   4.7108525993717567E-01   7.8023943174612453E-01  -4.1146701814168320E-01   1.1520457033461275E-02
  -5.9424494564248053E-01   7.8339875770707765E-01   1.8209703732178855E-01   4.0942724504117320E-02
  -5.5446387402760946E-01   7.7802141597982190E-01   2.9538532237578811E-01  -2.3824408560451457E-03
  -3.2954648143310008E-01   8.6992071300135904E-01   3.6692924340568771E-01   1.8577917450416061E-03
  -7.8283772713584189E-01   5.4138749882977243E-01   3.0669963984920558E-01  -4.2734480011607933E-03
  -6.5296625311859060E-01   7.1035903100359973E-01   2.6272632026482538E-01  -1.0734084483526347E-02
  -9.3210701925063688E-01   3.4499892889654590E-01   1.1023721569383335E-01   2.0597119078501084E-02
  -7.3245199672721668E-01   6.4669475794314754E-01  -2.1283787853473605E-01   2.6140232378713998E-02
  -9.7958954246513165E-01   1.3697759656968744E-01   1.4711038824959175E-01  -5.8892702077679484E-03
  -9.6433724943835699E-01   1.9518665115423088E-01  -1.7876196619208628E-01  -1.0258062504052902E-02
  -8.7853783631090642E-01   2.3442093831202095E-01   4.1619477874075103E-01   1.7532511378914749E-02
  -9.9822439133527218E-01  -5.9525895478150889E-02  -2.1753875171185832E-03   2.1877417976517823E-02
  -8.4016202323936806E-01  -3.9140179859658186E-01   3.7540965192931903E-01   3.0603684080577284E-02
  -7.7088757056859975E-01  -4.9196457064507228E-01   4.0460253925655456E-01   9.5638372624430765E-04
  -7.6201127709433862E-01  -6.3440414873398829E-01   1.2988529420284189E-01   2.1187992768373202E-02
  -7.7316653457014750E-01  -6.2563942474056810E-01  -1.0386924487585327E-01   4.9084187794997751E-03
  -9.7776690933858390E-01   1.9991595124018811E-01  -6.3288888773656566E-02   1.9878369201717354E-02
  -6.9522643059651558E-01  -7.0097963398825111E-01  -1.5902126566508554E-01   1.1668853956759337E-02
  -6.9496811605796597E-01  -7.1428577350816899E-01   8.2553930413264922E-02   4.9098923756333991E-03
  -7.7310414104508424E-01  -6.3415319746088849E-01   1.2637612475225592E-02   7.4823463977919821E-03
  -4.4597030178310763E-01  -8.7734183208825626E-01   1.7714908861042997E-01  -2.2316174769387879E-03
  -4.6127771710916656E-01  -6.0168162281787243E-01  -6.5207521994153960E-01   9.7228057045050331E-03
  -3.5340659642729956E-01  -9.3546440491275504E-01  -3.1819401152478761E-03  -4.7252101088559994E-03
  -2.9941023564064934E-02  -9.0564223069623857E-01   4.2298426103990838E-01   9.4221574205534359E-03
   1.7603890330487736E-01  -9.1685434040015429E-01   3.5831330286861255E-01   1.5473876907173595E-02
   8.2884089229765258E-02  -8.8045112511852927E-01  -4.6683620685425442E-01  -1.0035353703366738E-02
   7.1415218807580940E-01  -5.6856165123158461E-01   4.0831887173549503E-01   7.3125911899629585E-03
   2.3830343321921807E-01  -9.7017143236414362E-01   4.4484441554767730E-02   1.1759083500243758E-02
  -3.9261093278777035E-02  -8.9636224776697943E-01  -4.4158044265194016E-01   3.4059584574939716E-02
   7.8706056444318068E-01  -4.6831893490199094E-01   4.0151344075964212E-01   4.9176987291242699E-03
   6.2225048550069308E-01  -7.7227031960887950E-01   1.2807375509975043E-01   2.3983865391259180E-02
   4.6143016828197671E-01  -8.5217281984644639E-01   2.4674619533889976E-01   2.2255047044956577E-02
   7.5459806848815702E-01  -6.8118149917469645E-02   6.5264207088247356E-01  -5.3066605903401482E-03
   9.4068411197352777E-01  -2.1854700551451502E-01  -2.5951995657601036E-01   3.0073764789058561E-03
   8.9718890426220294E-01  -4.4118069824860821E-01  -2.0289444587229672E-02   2.0123909463961249E-02
   9.8450001794297179E-01  -5.9409662890367735E-02   1.6501577689888035E-01   3.8607668982144023E-02
   9.0920335388600630E-01  -3.3441899288721432E-01  -2.4801854462668506E-01   6.7959721098671623E-03
   9.8533692464189179E-01   6.2020533175559613E-02   1.5894841427921928E-01  -2.6100145344811092E-03
   7.5327485914202005E-01   5.8820568311875129E-01  -2.9426359090341582E-01   1.2689868402126895E-02
   9.4513059363327904E-01   3.0589830026309634E-01   1.1469259293674567E-01   3.4498937445684760E-02
   5.2084215412831262E-01   8.0039110844889531E-01  -2.9681227063402824E-01   3.0946886835892630E-02
   9.1940750131835322E-01   3.7100491058280278E-01  -1.3055727801616021E-01  -2.1443064776478659E-03
   9.3757569599779024E-01   3.4777658704079952E-01  -1.8054862259450533E-03  -4.9633122163885685E-03
   5.6846959749428531E-01   5.7003707828479015E-01   5.9321163685924549E-01   6.7982172860175618E-03
   3.9284852999544366E-01   8.7060965409872856E-01   2.9615682107713009E-01   1.0628104097533233E-02
   5.5582971388313753E-01   8.1897121488909707E-01   1.4261654303644428E-01   4.0494126757373569E-04
   2.1424131925843465E-01   8.9839648764999537E-01   3.8338545629764970E-01   2.3526951240046463E-03
  -1.0427461934788364E-02   9.9954075254247030E-01   2.8452628075992070E-02   1.8820447083907062E-02
   9.8016400807226080E-02   9.2410416779161046E-01   3.6935656518190151E-01   3.4714605451313440E-02
   4.2501531974925708E-02   6.8626877201730440E-01   7.2610522125491252E-01   2.0637839318098536E-02
  -6.2501829142930178E-01   7.7788463169102373E-01   6.5173884015892413E-02  -1.0326123733548009E-02
  -1.3733361024501964E-01   8.6924813023811076E-01  -4.7491806406433676E-01   9.6479528029577448E-03
  -4.0384316230323777E-01   8.6617199456758360E-01  -2.9437523008523456E-01   1.3579667383137317E-02
  -4.4998138953411750E-01   8.9275010784582189E-01   2.2671436086363825E-02   2.7070546539858941E-03
  -5.0788144969269808E-01   7.6036652637972714E-01   4.0484463516177546E-01  -2.4451527374295976E-04
  -4.8878303291316669E-01   8.4462291003179732E-01   2.1841082066972932E-01   2.1349414996255440E-03
  -5.7177979628582109E-01   8.0903490309897225E-01  -1.3612637557424875E-01  -7.8133602409026883E-03
  -7.9911010365930597E-01   5.8721361838341437E-01  -1.2885343850542394E-01   1.7756689382113837E-02
  -7.7191870581739152E-01   6.2621674305451033E-01   1.0951758912341251E-01  -9.8295788337635610E-03
  -8.1284703279342256E-01   4.4218525103741423E-01   3.7914628449176150E-01  -1.6104816588262648E-03
  -9.2115717353920274E-01   2.4162279221767537E-01   3.0510307752987548E-01   2.2334350490248024E-03
  -9.9634725088652373E-01   2.9810428634802113E-02   8.0021834492068464E-02   2.9624773245555186E-02
  -9.6824963481663015E-01  -1.8236590368003543E-01   1.7098339642323856E-01   1.8282283861905293E-02
  -9.8537028280336276E-01  -1.4797151548405707E-01  -8.4556705076370164E-02  -1.9006094857428408E-02
  -9.8905476839041419E-01  -7.7321904451627485E-02   1.2566617769375079E-01  -1.6450715585674395E-02
  -9.3418172629165407E-01  -2.8458812559473365E-01   2.1520711194851620E-01   3.5893680523896978E-02
  -9.1723848039019770E-01  -3.7534968671352890E-01   1.3336484835044226E-01   1.4085095382989383E-02
  -6.7970248241166348E-01  -6.7990091942241388E-01  -2.7520769460895961E-01   1.7162591973856383E-03
  -3.4103091110199463E-01  -9.3093665086418262E-01  -1.3059429447997483E-01   1.9582851943401511E-02
  -7.9339056374949787E-01  -5.6926438287139760E-01   2.1556779849342238E-01  -1.2758856670981395E-04
  -5.4002134128851384E-01  -8.3484993410814176E-01   1.0678266934566500E-01   1.3310949864627628E-02
  -4.9803302045221027E-01  -7.3354177334081143E-01   4.6247116375322896E-01   2.6695401147179751E-02
  -2.4826432264952384E-01  -9.5044816474754618E-01   1.8711790995892050E-01   9.3956393584739767E-04
  -1.4595368698004397E-01  -9.5719495811292514E-01   2.4995066197177115E-01   5.7620979892216190E-03
   4.4058103207172285E-01  -8.7951391666125449E-01  -1.7984333342605567E-01   2.4488040492672671E-02
   2.3290421519291477E-01  -9.3805168154434941E-01   2.5654369861134922E-01   1.2428817869236310E-02
   2.8258235655607775E-01  -8.7777834702156614E-01  -3.8684930562597719E-01  -7.9174576279691484E-03
   1.0587869977312434E-01  -9.6131831128471922E-01   2.5427702476442566E-01   1.4865096447993848E-02
   5.1001262539935900E-01  -8.5692461057028417E-01  -7.4614567828406963E-02   6.4154321924214752E-03
   9.7295994064297381E-01   2.2931913379664408E-01   2.7598709730308415E-02   7.6248667331935031E-03
   5.7253201398978417E-01  -7.6759033165821506E-01  -2.8811833628152330E-01   2.5574237987655346E-02
   6.4252771404737192E-01  -7.4373057845204240E-01  -1.8445314677838641E-01  -1.7444348835703376E-03
   7.3271328165466655E-01  -6.5225291659251984E-01  -1.9415813061368440E-01   2.9499330576714889E-03
   7.8909673121392023E-01  -6.0597740543996057E-01  -1.0058694191474335E-01   2.0672272991649487E-02
   6.6552864916391198E-01  -6.8913390314655700E-01  -2.8664626401900040E-01   2.6888992846533485E-02
   9.8568916983004566E-01  -4.3791565000206782E-02  -1.6278562379580061E-01  -4.5032833637085420E-03
   9.9817836941885911E-01   2.6874408634808393E-02  -5.4015821615866324E-02   9.0495198880209137E-03
   9.9828619132956468E-01  -1.6727146856179460E-02   5.6079254263617821E-02  -4.7108155287454662E-03
   8.8536969365683209E-01   3.9594520255728319E-01  -2.4361424861013238E-01   3.2829962614918439E-02
   8.5046261895457870E-01   4.4458375787230171E-01   2.8117364029556796E-01   1.0696398220264828E-02
   6.4144399637008984E-01   7.4585714843873809E-01   1.7957369975473136E-01   1.5883229116496186E-02
   6.0884706526141592E-01   7.8034380193165455E-02  -7.8944023626265060E-01  -8.8653583229176078E-04
   8.2911851873739745E-01   3.9483936468525957E-01   3.9580848649522998E-01   2.7614028540876618E-03
   7.9204649197987775E-01   5.9625044319764874E-01   1.3094946937264375E-01   1.2762356472652138E-02
   8.6556279260686501E-01   4.7831090117287109E-01  -1.4839047770595445E-01   8.2193563496472208E-03
   4.6487680983407262E-01   8.1034061246587665E-01   3.5670385961876465E-01   1.2059708841961898E-02
   2.7619514095455577E-01   9.4906437972066441E-01  -1.5163458463860923E-01   5.1362853349173498E-03
  -6.0864973278291021E-02   9.7056183896418097E-01   2.3303470079432391E-01   2.8053837339479454E-02
   1.9457375054422069E-01   9.7934378727366393E-01  -5.5016378721537302E-02   1.3058454055089665E-02
  -4.3670093506407239E-02   9.9551182516925003E-01  -8.3959090522292534E-02   1.3927859469051111E-02
   2.4511865243139174E-01   8.5129412380720879E-01  -4.6391288083166575E-01   3.5764541603890029E-03
   4.2403884349345890E-01   9.0559679307084337E-01  -9.2470313362711813E-03  -2.6055686078789248E-04
   2.2621640033598349E-01   9.7228624730892327E-01   5.9038915242080305E-02   3.6567583809654400E-03
  -3.3721660363684415E-01   9.3960855075507137E-01   5.8487037705682194E-02   5.7466459348386313E-03
  -1.2438038566148399E-01   7.4448942038114438E-01  -6.5594589914355596E-01   9.3202226586785812E-03
  -7.1375842165634111E-01   6.9981465478979218E-01   2.8431750844659408E-02   2.7642347654913410E-02
  -5.5293310447074546E-01   8.3307324536448774E-01  -1.5935803657918700E-02   3.2474178763577423E-02
  -7.6369105297268946E-01   4.3056679568884579E-01  -4.8102828405375959E-01   1.2925463536740229E-02
  -7.9496336463328525E-01   5.5292896871392338E-01  -2.4960529731534846E-01  -1.8983975411570330E-03
  -9.3029478137373207E-01   2.4256440614807948E-01  -2.7516200431533017E-01   2.7656221883941927E-02
  -8.8941990104015662E-01   3.4153180759524333E-01  -3.0378983530467835E-01   1.0207249133827585E-02
  -9.6779680957121385E-01   2.4223307144672947E-01   6.8501638529769008E-02   8.0361394343988710E-03
  -9.9742631664374936E-01   5.4920649425309759E-02  -4.6091920476209153E-02  -1.7078646296293436E-02
  -8.4415179813818479E-01  -2.1251792539134539E-03  -5.3610001428204414E-01   3.6468563143570920E-02
  -9.9002774167263307E-01   1.3780856763660809E-01   2.9221043864525434E-02   2.5032758726600166E-02
  -9.5802038716129231E-01  -2.3357393103093544E-01  -1.6625329027145094E-01   4.1866867531055351E-02
  -8.3465156335688845E-01  -5.2961210738551098E-01  -1.5122097571626729E-01  -1.5930149676580576E-03
  -6.1815904728932933E-01  -7.8046357923898765E-01  -9.3573467050319649E-02   4.6594593310656104E-03
  -5.1154659642092861E-01  -8.1727864271652705E-01  -2.6528418695729829E-01   7.5214283806009536E-03
  -7.4105780840546078E-01  -5.8334638225162604E-01  -3.3247604863393571E-01   2.2543669407655726E-04
  -4.4149120777872488E-01  -8.9401983543139138E-01  -7.6249900388855955E-02   1.7666025740324835E-02
  -4.1795320000230642E-01  -8.0680183688683975E-01   4.1759540060189017E-01   1.3728219142059370E-02
  -5.3109159405280470E-01  -8.1563896333891090E-01   2.2950991309718569E-01   2.1079245360010183E-02
  -5.5515478697190232E-01  -7.0459767954262444E-01  -4.4197881452093472E-01   3.7053777904443090E-03
  -2.5147422880517900E-01  -9.6613613320766624E-01  -5.7807303668125591E-02   2.8856547451460796E-02
  -5.5034774073215002E-02  -9.9786001964461696E-01  -3.5306583487428930E-02   2.8320309266023420E-02
  -2.2034287939599530E-02  -9.9717257687023224E-01   7.1842481116504943E-02   7.9410921400325209E-03
   3.6374347840642502E-01  -8.8680537215817558E-01  -2.8507352354821421E-01   7.4182999178205211E-03
   3.0089987825920418E-01  -9.4180678566206967E-01   1.4986407756522770E-01   1.9598186581021419E-02
   5.2073357395478039E-01  -8.4243968063554000E-01   1.3831821805883186E-01   7.9853857082921324E-03
   6.6872074999776494E-01  -7.4325449105238021E-01   1.9629570879008166E-02   9.9033116966900465E-04
   5.6675504734903459E-01  -7.8890092306841523E-01   2.3753747048875464E-01   8.9496019359923124E-03
   3.9794280110040753E-01  -8.4616108584698093E-01   3.5447558992209842E-01   8.6670721568045951E-03
   7.7634341168001235E-01  -5.5098060370175154E-01   3.0612298424896566E-01   2.1287850347129220E-02
   7.0547562794647964E-01  -7.0320644604662749E-01  -8.8344963704739623E-02   2.4549109122989762E-02
   8.6887132441040790E-01  -4.8696226059574350E-01   8.9052671901449595E-02   1.3151203800043456E-02
   8.4383831316054660E-01  -4.5177169730589703E-01   2.8955005569972186E-01   1.2411230851608323E-02
   8.5615793290076904E-01  -3.8482781405959878E-01  -3.4482045684267825E-01   9.6302509317471258E-03
   9.6704771295862919E-01   1.9151515040532920E-01  -1.6775180483890171E-01   7.4365292876573994E-03
   9.9324343599038940E-01   1.0491738024137717E-01   4.9596574330207197E-02   4.2091423213570511E-02
   9.7434599037561415E-01  -1.6119245787334365E-01  -1.5705694051430549E-01   1.0933509650531738E-02
   9.5841548522080621E-01   2.7167184646768278E-01  -8.7373711869225569E-02   3.7470915197834582E-02
   8.4773140611031276E-01   5.2809740360071231E-01   4.9644691603617392E-02   1.1523469015601055E-04
   3.6810911505391712E-01   9.1068747445374658E-01   1.8746733925481152E-01   1.5028859921722304E-04
   6.2871078447695269E-01   7.7541676735992437E-01   5.8750203229091413E-02   2.9050627123102668E-02
   7.7641890991378126E-01   6.3001925724406691E-01   1.5792777777508629E-02   3.0923853003579355E-02
   7.1433687272575072E-01   6.9309566114680611E-01   9.6650073791313175E-02   1.1335019941370816E-03
   3.1056868939303639E-01   9.4981769056975640E-01  -3.7328860810723480E-02   2.2377146424299310E-02
   4.6005201351133253E-01   8.6203160527783690E-01  -2.1272906798621580E-01   4.1809987853098542E-03
   6.9441670684566645E-01   7.1922474559630273E-01  -2.2387554032390193E-02   3.8565291980719971E-03
  -1.9626044529050595E-01   9.0740052416271836E-01  -3.7162632625205120E-01   2.0634938163813889E-02
  -1.8049957430979546E-01   9.6188539803456780E-01   2.0541758620396537E-01  -2.4186577874346637E-03
  -2.8286113810629892E-01   9.4890147206449775E-01  -1.3991273302683606E-01   1.1546159098734882E-02
   3.4114305504512421E-01   9.3692719304832809E-01   7.6084498559564046E-02   1.8042229298953930E-02
   1.6331899310365665E-03   9.5583165919101151E-01  -2.9391014269468001E-01   1.9004383034736511E-02
  -2.8912907158443168E-01   7.8161698417950598E-01  -5.5270179121010496E-01   1.5936670656603110E-02
  -9.0239519037078235E-01   4.2967518545532481E-01   3.2590725668692650E-02   1.9291537051242912E-02
  -1.3767842210613181E-01   9.3742666285529274E-01   3.1980604099102816E-01   9.7580178321967103E-03
  -8.5754590261974765E-01   4.8730289145192848E-01  -1.6477535277665884E-01   2.4240449823617846E-02
  -6.8844322382002207E-01   7.1029896311400975E-01   1.4670143344718016E-01   1.5282172989964304E-02
  -8.4606233140702098E-01   4.5201766226110100E-01  -2.8259257665077708E-01   1.7541785283151343E-02
  -9.5082477885604745E-01   2.4495810368775332E-01   1.8954621428835828E-01   2.3860175781468586E-02
  -6.6038082201541383E-01   6.8970786402902417E-01  -2.9698523904525542E-01  -5.9602707204154761E-03
  -9.9136087555355505E-01  -3.5607372701580279E-02  -1.2623679903649125E-01   3.3190527773364113E-02
  -8.9967394626360608E-01  -4.5503100681284553E-02  -4.3418459005687761E-01  -2.0110732222630756E-02
  -7.8310711148544758E-01   2.3596822832583592E-01  -5.7538008929896484E-01   9.0993014731643757E-03
  -9.6598085607291324E-01  -2.5546489419954161E-01  -4.0232742042502076E-02   1.4235441643366735E-02
  -9.3188314768726581E-01  -3.4181562529699376E-01  -1.2147377231031557E-01  -1.2806794916024952E-02
  -7.6253277544232851E-01  -6.0863137455205151E-01  -2.1934360325092656E-01   3.2642305638134900E-02
  -7.9136187759080396E-01  -4.7918092823768967E-01  -3.7964722665814836E-01   3.9591333423078154E-02
  -6.5343620680872449E-01  -6.5033520081207178E-01  -3.8740837654360053E-01   3.0523104464677714E-02
  -4.0549716695513531E-01  -8.5713611500337858E-01  -3.1763143413124939E-01   2.1229146168074599E-02
  -5.2745952703695202E-01  -8.3690037728611095E-01  -1.4623339507896224E-01   2.0962986144819941E-02
   6.5138870457000148E-02  -9.8611237989176601E-01   1.5277205824293718E-01   1.7497220351933031E-02
  -5.8694519637134376E-01  -7.3928335921350774E-01  -3.3008400634777239E-01   1.3873715296201967E-02
  -1.4513475186736597E-01  -9.8302788035794961E-01  -1.1221448319782429E-01   1.5208320941043269E-02
   9.8098554502385102E-02  -9.8202683480516554E-01  -1.6124505985328831E-01   2.6898558094701972E-02
   3.3079060679386640E-01  -9.2693297513129468E-01  -1.7712378177758121E-01   8.1540546309556027E-03
  -1.1280201710741237E-01  -9.6721292176781208E-01  -2.2754091698389373E-01   2.5015240689522997E-02
   4.1311186221824929E-01  -8.9908198490460264E-01   1.4487985958914459E-01   7.9042099742903593E-03
   3.7107075877549338E-01  -6.5131807091609577E-01  -6.6188462928210931E-01  -2.6041251965216329E-02
   8.2755049003397864E-01  -5.2596630581902932E-01   1.9626418824534644E-01   6.5168703054058418E-03
   4.0296836227968393E-01  -9.1249969158358581E-01  -7.0433031040060543E-02   8.0979118817943511E-03
   8.0787868986733606E-01  -5.5064699886603865E-01  -2.1004738774395996E-01   9.6943889127050653E-03
   8.9068119585736553E-01  -4.1575598439778786E-01   1.8394012282131290E-01   2.0305195563425915E-02
   8.6496030799816541E-01  -4.4524551163134766E-01  -2.3151695393611677E-01   2.1908413090645386E-02
   8.0726421566239299E-01  -4.9200948829488284E-01  -3.2596188356737183E-01   7.5437314859777124E-03
   8.3398808562842656E-01  -3.1939901069474490E-01  -4.4994237964104968E-01  -3.5573651634037735E-03
   8.8162392069824342E-01   3.8147418128304799E-02  -4.7040837252625680E-01   1.4453461193604733E-02
   9.8725042456969891E-01   1.4761456634154656E-01  -5.9552825212129443E-02  -7.8606820017061531E-03
   9.2695909310361059E-01  -3.4041097518954579E-02  -3.7361483293926722E-01   1.4701616054538606E-02
   8.5463751880053084E-01   4.9153823582091495E-01   1.6728680218276257E-01   2.7059730986290175E-02
   9.7642145988400024E-01  -2.1108976789838673E-01  -4.5191177973173424E-02  -7.5499398877869916E-04
   9.5819714064319150E-01  -1.0024226060296281E-01  -2.6797337340194764E-01   3.2821003191952704E-02
   7.5222629709129060E-01   4.6243863185958105E-01  -4.6936777661889435E-01   1.0545957306055258E-02
   9.3287236425153352E-01   2.8157589812554938E-01  -2.2464230592331539E-01   8.6486881552798653E-03
   2.3550176174167520E-01   9.3490359670301188E-01  -2.6550741060908160E-01   8.4887826308594345E-03
   1.0923796951266131E-01   9.9301112961839876E-01   4.4676195795330055E-02   1.6626743987681120E-02
   3.6107041892092661E-01   8.2176802565198237E-01  -4.4082362073317851E-01   2.5862982521938526E-02
   3.0097025061499067E-01   8.8464156642652227E-01  -3.5612667296227407E-01   9.2719794339018566E-03
   1.8346217802139753E-01   9.0807816290564780E-01  -3.7647799310125522E-01   2.2945073600938870E-02
   4.2414998793599769E-02   9.8232700222714441E-01  -1.8230367130908453E-01   1.0687751804738556E-02
  -2.6036673824337612E-01   8.4580024310087225E-01  -4.6565127551313594E-01   1.3169204307117783E-02
  -1.3266542391733306E-01   9.9115358635360770E-01   3.8017831626368426E-03   5.7774752427851252E-03
  -3.8902254295728386E-01   9.0370780979963853E-01  -1.7881178814101794E-01   3.7973240111282025E-03
  -3.9024636413070389E-01   7.6694576613728084E-01  -5.0941335581908875E-01  -1.9921150297777964E-03
  -7.9085949053898580E-01   6.1193042717101793E-01  -9.0784649975201467E-03   2.4430261221014859E-02
  -5.8011622127057558E-01   7.2231982674850634E-01  -3.7645615641765823E-01   2.2950065121945790E-02
  -4.4621212805953769E-01   4.4476666136728759E-01  -7.7658055197691844E-01   1.4163295766899334E-02
  -7.2825688796370950E-01   6.7908793801132354E-01  -9.2094937868169797E-02  -7.9852757041522224E-03
  -8.1365935750117870E-01   3.1415846721121747E-01  -4.8914507810083049E-01   6.7069680348762252E-03
  -9.3351192870368961E-01  -3.5851979979901194E-01   4.3625818037067194E-03   3.9262598283258732E-02
  -6.0686195915831797E-01   3.0710596787562218E-01  -7.3307877272616837E-01   2.3111689017192396E-02
  -3.6874226903025726E-01   9.2769999853099385E-01  -5.8325395463820921E-02   2.4596298716756068E-02
  -9.0409861177560220E-01   3.7791282126619569E-01  -1.9946829248793751E-01   1.0708212554373430E-03
  -9.5533625557784294E-01   1.1753107369533513E-01  -2.7114403090337084E-01   2.0253450679618913E-02
  -9.8475614474700865E-01  -1.6846473279074882E-01   4.3300914410091184E-02   3.8758241212394089E-02
  -8.8815162255069637E-01  -2.8676698011949447E-01  -3.5909802905851573E-01   4.2413211045449248E-02
  -8.9223205700518501E-01  -4.4507175454408827E-01  -7.6374666999883471E-02   7.9920614308228081E-03
  -6.0786037497901554E-01  -7.6475242188275549E-01  -2.1368083151005983E-01   1.9662164849484163E-02
  -6.2359991403623205E-01  -7.6507085510549064E-01   1.6059182383346093E-01   8.4857972840484503E-03
  -4.2822245533792449E-01  -8.8130611210860614E-01  -1.9981257594148607E-01   2.9991560380481310E-03
  -2.0204947599034004E-01  -9.3246722667279087E-01  -2.9946766174861503E-01   2.6001870927023418E-02
  -4.4997784504521369E-01  -8.9152956203570905E-01   5.1913187003714025E-02   2.1849054762000013E-02
  -3.5430325422714488E-01  -9.2704738146166967E-01   1.2268804574658596E-01   2.5910679075607268E-02
  -1.5485118291411568E-01  -9.8780063128633734E-01   1.6462805970195873E-02  -6.2162778164856185E-03
   1.3082808073838276E-02  -9.6616656011064687E-01  -2.5758691398606163E-01   2.1710009693929093E-02
   1.7580755778475822E-01  -9.8255909965834700E-01  -6.0574898302327522E-02   9.8785234651422193E-03
   6.9452064224561782E-01  -6.4524621622864533E-01   3.1827409246960507E-01   1.8800057616852557E-02
   4.9747119839608702E-01  -7.7561661463997753E-01  -3.8851161354685617E-01   9.9846657406600378E-03
   4.7123448522654678E-01  -8.3426962903523662E-01  -2.8623809320682722E-01   2.9522712927215506E-03
   4.8329252596407448E-02  -9.3033960398853103E-01  -3.6350035019781716E-01   1.9549311607653201E-02
   5.4506652884786399E-01  -8.1824119948802032E-01  -1.8271239309402730E-01   1.0970356149063023E-02
   7.4709760691067259E-01  -5.9265642768185378E-01  -3.0100419345206774E-01   2.0544364203235190E-02
   7.9832570879499193E-01  -5.9348073517787378E-01   1.0225790751674901E-01   2.0293962457109033E-02
   7.1586340807944228E-01  -6.8846549493807165E-01   1.1642526896065912E-01   2.1598261238524543E-02
   7.3601200298655298E-01  -5.3303605909817042E-01  -4.1732348503386926E-01   1.0765779498767082E-02
   6.9981074497924042E-01  -4.9079973842227015E-01  -5.1901882237182084E-01  -1.5192812512472153E-03
   8.7833913130511582E-01  -8.3513680842613773E-02  -4.7068655762650868E-01   1.6598665614300536E-02
   8.7558441912176547E-01   1.6196997265799552E-01  -4.5510180503747594E-01  -4.3704637949416547E-04
   9.6344832027009381E-01   1.9103969429713455E-02   2.6721222374877138E-01   6.9711162261738568E-03
   6.6810651481423901E-01   6.6297729607004916E-01  -3.3777920267301455E-01   2.8698702063522105E-02
   9.6951071301137243E-01  -1.7946239094057920E-01   1.6685990409343654E-01   4.2945500148892037E-04
   7.9651992074189879E-01   5.7656841493455344E-01  -1.8200241416304294E-01   2.9845650076340618E-02
   5.5872829614597838E-01   7.8389164744813442E-01   2.7080726752962465E-01   1.6735486019472722E-02
   5.2347671140725546E-01   6.9865322900771333E-01  -4.8770462188843435E-01   2.6938052486133239E-02
   6.6096863742584952E-01   7.3732613246976992E-01  -1.3953721624207284E-01   3.1880579686456549E-02
   6.2062997084024784E-01   7.3996148201151870E-01  -2.5937510372846133E-01   9.5729109246238515E-03
  -3.0548201937669987E-01   8.7886050980969656E-01  -3.6644909623926436E-01   1.1558543678348423E-03
  -5.6430206697661065E-01   6.6254990683852472E-01  -4.9253507301936068E-01   6.8075588332666869E-04
   1.1872585035349096E-01   7.4794807837922130E-01  -6.5305271188983731E-01   1.1566673190346206E-02
   1.2438411432766758E-01   8.6834369485565137E-01  -4.8011229905862355E-01   1.1039165718519898E-02
  -6.5696534955404439E-01   7.3306098805312815E-01  -1.7611961071926001E-01   2.2440389557465656E-02
  -8.3173609039341727E-01   3.8992926272372994E-01  -3.9518381293874064E-01   1.4358193445576887E-02
  -4.7413342917874174E-01   8.7504093037075953E-01  -9.7472362806502292E-02   1.0893752568745425E-02
  -4.9284903301133065E-01   8.0134920070762678E-01  -3.3902697412601860E-01  -5.8447019524753889E-03
  -9.8447913359920917E-01   8.6694754874724004E-02  -1.5259375801441590E-01   3.5326594190644886E-02
  -6.8478911671090179E-01   4.6535037408609856E-01  -5.6081449247699648E-01   1.5383827798590619E-02
  -7.2722352477780560E-01   5.9851588324601445E-01  -3.3604267959886828E-01   2.0535626930686801E-02
  -6.7462243780617834E-01   5.1615735556699995E-01   5.2769892050536792E-01  -1.3880604385098072E-02
  -4.8874043989175310E-01   1.3810727325501956E-01  -8.6142855971257361E-01  -1.6270194246782594E-03
  -9.4248565200619474E-01  -8.4284540610068265E-02  -3.2344537711429359E-01   3.3117023386205839E-02
  -9.4803847120666659E-01   3.1771527138256381E-01  -1.6735096128500579E-02   3.1979986780984193E-03
  -8.5324777706841707E-01  -1.2612112154824648E-01  -5.0602538832277712E-01   3.0280595517488242E-02
  -8.8249655400516680E-01  -4.2690755447573671E-01  -1.9735696618197049E-01   4.0071258561046194E-02
  -9.3602080836400691E-01  -2.0428150053229270E-01  -2.8659050027847365E-01  -2.1110052826200464E-02
  -7.5343583594520815E-01  -4.4263437271009902E-01  -4.8621934680664704E-01  -7.6711836357251934E-03
  -8.1853717352401424E-01  -5.0835666331626239E-01  -2.6752644434013248E-01   5.3374800568511302E-03
  -7.0879346384502381E-01  -5.4985664548337629E-01  -4.4189308099170512E-01   5.0523933035990404E-03
  -5.3459012308925313E-01  -8.4481458174827661E-01  -2.2399168754703109E-02   5.4207585293758322E-03
  -5.1305536066438195E-01  -6.6010201527141623E-01  -5.4867069023974295E-01   2.4402231113083612E-02
  -2.5032495313266913E-01  -8.4517584014866962E-01  -4.7224486981662110E-01   3.0406101381820285E-02
  -2.5615157427529839E-01  -9.6419550125761794E-01   6.8654252241629052E-02   1.5307496094679988E-02
  -2.3374632875900633E-01  -9.5466661513034178E-01  -1.8432120807780702E-01  -6.7104428968386757E-03
   2.2942976347638364E-01  -7.8379687974402090E-01  -5.7708269332454218E-01  -1.8551149914841236E-02
   5.0004487674563726E-01  -5.0131357287122222E-01  -7.0614433573847366E-01  -2.7893113170885182E-02
   2.9125057848814011E-01  -9.5433837360889022E-01  -6.6418138997280076E-02   2.0452953385470844E-02
   7.6051752097146856E-01  -3.7149397054937982E-01  -5.3254608264531286E-01   2.0845783617029249E-02
   1.6773083540997668E-01  -9.1035956859349038E-01  -3.7830123278010234E-01   2.2383176984841797E-02
   6.1113958217295580E-01  -7.8759535018857027E-01  -7.8752621942436498E-02   2.4513439173173066E-02
   8.3462090375393120E-01  -5.5079363834141457E-01  -5.8578989064337321E-03   8.2081115934223127E-03
   6.0354275010366364E-01  -4.3696047988871491E-02  -7.9613240367884845E-01   3.2381718708838311E-02
   5.8705297778513987E-01  -1.6253627621506396E-01  -7.9306415893529091E-01   6.6381188762985434E-03
   9.6226245030594164E-01   1.9714159907343660E-02  -2.7140804820482529E-01   2.9201822660023420E-03
   9.1700876411213343E-01  -1.5343942282166802E-01  -3.6817288067657965E-01  -2.4237192735135786E-03
   9.8368638443028775E-01   7.3247620632017547E-02  -1.6430423962337652E-01   3.4941827534197473E-02
   8.5561766711604843E-01   2.8087264844223053E-01  -4.3477461181161256E-01   1.6099039150636967E-02
   7.8672288150862126E-01   4.9750651013601228E-01  -3.6545092705185178E-01   2.5936331500176770E-02
   8.2539856621335676E-01   1.1210635376193092E-01  -5.5330766517294875E-01   2.7379990999172498E-02
   4.2338320440990591E-01   2.0774235805124234E-01  -8.8181050963056080E-01   5.9287587102968268E-03
   5.7389758349248758E-01   7.2705309069834456E-01  -3.7687579780010844E-01  -2.9692896120452449E-03
   9.9440339394638623E-01  -9.2223913155737147E-02  -5.1542603253534506E-02   3.2805336590270508E-02
   6.2072043248653461E-01   6.4045746658821034E-01  -4.5223929305749308E-01   1.6016346378570991E-02
   5.6405006776872177E-01   8.0627541690938677E-01  -1.7823432087478183E-01   2.1857654434663658E-03
   3.0380739763863058E-01   7.8168493912067695E-01  -5.4467395852192765E-01   1.2856371730214068E-02
  -5.2550931160546676E-01   8.4453881254134604E-01   1.0292792394293075E-01   5.5341030572495144E-03
   3.4998037761402955E-01   9.0488655497161207E-01  -2.4226856568021553E-01   2.5960189479661739E-02
  -2.9602598727455543E-01   9.1876276057413708E-01  -2.6123476920256161E-01   2.1137896831462943E-02
  -6.4650165487098796E-01   7.6098932722530712E-01  -5.4137363236940974E-02   2.2099392592796371E-02
  -1.7751541360113267E-01   8.0585215497087503E-01  -5.6488103372552309E-01   1.7509885102756122E-02
  -4.8998642993752499E-01   7.4753159720244681E-01  -4.4845268385977785E-01   2.0210019441613376E-02
  -9.7739003528371597E-02   9.8816062493230756E-01   1.1826101015411731E-01   1.3921839072124171E-02
  -6.5073683239900192E-01   6.3405484084334107E-01  -4.1775116249082868E-01   1.8661321560578302E-02
  -6.2776337832455562E-01   5.6857500528953641E-01  -5.3163484102769693E-01   1.6418909935098531E-02
  -7.1053251198101428E-01   5.3708843960872947E-01  -4.5462023432378160E-01   6.0482212096410767E-03
  -7.4099480313628776E-01   1.5597595291891166E-01  -6.5314485670182804E-01   3.2108209492559236E-02
  -7.8304200718722549E-01   4.9913056706122880E-01  -3.7109822420127169E-01   1.5395813573011900E-02
  -9.7059057109819768E-01  -1.2029856260018276E-01  -2.0852385746385122E-01   2.2484888918389751E-02
  -7.0055783082362443E-01   2.7365877033644729E-01  -6.5903687536407362E-01   7.1841015762497946E-03
  -8.2731726763197670E-01  -3.6680966749025101E-01  -4.2543719455831761E-01   1.0765047145155188E-02
  -8.6063491592282765E-01  -4.0075183807743837E-01  -3.1417432385868520E-01  -1.1104343772155724E-02
  -7.2519376630433445E-01  -2.8257253290890567E-01  -6.2789072692529845E-01  -1.5678680967811953E-02
  -9.3398279189111974E-01   3.5719764438612635E-02  -3.5552811826875139E-01   3.2445027476299146E-02
  -6.6543778884067457E-01  -5.0842469652862520E-01  -5.4653167990758699E-01   3.5687359690338626E-02
  -4.8543710947915172E-01  -7.8798428382689165E-01  -3.7872362110429107E-01   1.4337956859120848E-02
  -3.7191631645009022E-01  -8.2397222560045584E-01  -4.2749038000547781E-01   1.0957569996829461E-02
  -4.4970326926888368E-01  -7.5010816772103749E-01  -4.8487597004498574E-01   1.7451246854348026E-02
  -1.2517528135414486E-01  -8.5058535666538599E-01  -5.1072076515873989E-01  -2.3093843554327357E-03
   2.0033253599889202E-01  -8.5357093518651545E-01  -4.8091946688096349E-01   2.5239436509948953E-02
   1.3416197663836992E-01  -9.5308097863136751E-01  -2.7136177364463125E-01  -3.6836425992568773E-03
   2.1649432915230519E-01  -9.6097896502731963E-01  -1.7219069144386032E-01   7.7592850930862971E-03
   6.0658349552470056E-02  -6.8347797102749527E-01  -7.2744651195102214E-01   3.6731716392557767E-02
   5.9437167956252050E-01  -7.0284207853223374E-01  -3.9081366298853694E-01  -7.1145095870968635E-03
   4.8196162832069653E-01  -5.9178820468731183E-01  -6.4614217446273469E-01   5.8497552879294572E-02
   6.7557558111806370E-01  -6.2611803791190290E-01  -3.8932484739397184E-01   2.4707422579701812E-03
   5.9147620280342643E-01  -4.4864767366576652E-01  -6.6997848206605556E-01   2.2282751124801256E-02
   8.6288895548470225E-01  -2.0279063993182639E-01  -4.6292397524708066E-01   1.9906131120508916E-02
   7.8880195574962277E-01  -4.3214034060763060E-01  -4.3708832130942525E-01   2.4936322074320114E-02
   6.3648703232978354E-01  -5.9599773716492796E-01  -4.8956200319296687E-01   3.6828104437396675E-02
   6.8918628367627796E-01   1.0631843586811124E-02  -7.2450619755418692E-01   8.5065522532458910E-03
   8.2633165240139625E-01  -1.1897066716188051E-02  -5.6305813202823795E-01   3.4424112077658004E-03
   8.1725868013888298E-01  -1.3377936276775552E-01  -5.6052772619657629E-01   1.1305083710279160E-02
   8.9120080942117354E-01   4.5221499239368529E-01  -3.5534742737553894E-02   3.6122393451474472E-02
   7.0633452393630644E-01   4.2205215787953669E-01  -5.6829879141601011E-01   4.8371163602328177E-03
   7.0834757970092852E-01   5.7328126413687936E-01  -4.1181585511179408E-01  -2.7266095047370768E-03
   8.3073846789168808E-01   4.9025578957652875E-01  -2.6367187705871319E-01  -3.1403230086898732E-03
   7.1219595796320147E-01   6.6728343251519026E-01  -2.1796728688411759E-01  -1.2767367281732153E-03
   6.6742649002789056E-01   5.3591835038641306E-01  -5.1704294031362207E-01   2.7465085785892515E-02
   1.7146988059398326E-01   9.4665059249564986E-01   2.7285662128070136E-01  -1.3018414891640439E-03
   5.7410974424395835E-01   6.0135697850756386E-01  -5.5566877360923392E-01  -2.4232543794055176E-03
  -2.5297077534320995E-01   9.6717132262733027E-01  -2.4195443983439033E-02   7.9638967653714711E-03
   6.2381177495171735E-02   8.1658040071067645E-01  -5.7385105895999464E-01   4.6460159951559614E-03
  -1.1630356254062601E-01   9.4558635456815061E-01  -3.0387485482493348E-01   1.0510678898452385E-02
  -4.9138052187862477E-01   8.4351761292410838E-01  -2.1684837883900467E-01   2.7518488372526879E-02
  -1.0866618881569094E-03   8.7275528293420716E-01  -4.8815677325667925E-01   2.1891534665089862E-02
  -3.9209415567568584E-01   8.2213716314449065E-01  -4.1273800171743326E-01   2.8718385175989137E-02
  -5.7941634106602659E-01   7.7265315483175953E-01  -2.5939122196825961E-01   2.1857326567785912E-02
  -5.3445516080719954E-01   5.9489223878652497E-01  -6.0038396490754699E-01   2.0686378022426445E-02
  -6.5136794592670534E-01   3.8738540788624025E-01  -6.5242037428029187E-01   6.5023995477390634E-03
  -8.7814361858725042E-01   2.6979602750406366E-01  -3.9506187955498322E-01   1.1966618029797892E-02
  -7.3805964202250393E-01   3.5330991006741854E-01  -5.7483917078237265E-01   2.0419989084938419E-02
  -9.0156807850471682E-01  -1.6692464686940096E-01  -3.9913802385746057E-01   2.5363650416632839E-02
  -6.2323694841179113E-01  -6.4331342372231503E-03  -7.8200659902474258E-01   1.6044048234509902E-02
  -7.2958130766420268E-01  -1.5982474725783233E-01  -6.6495651412025589E-01   2.6579341277172168E-02
  -7.9224560601560556E-01  -8.1804061831721046E-02  -6.0469413360541039E-01  -1.7819223202408414E-02
  -8.8486100227573096E-01   7.8558967164702551E-02  -4.5918350942690002E-01   1.5190745983321798E-02
  -6.1023850902103271E-01  -4.5843190966305389E-01  -6.4610304620120206E-01  -8.1541613131817740E-03
  -6.1688100643288112E-01  -6.1253905838491213E-01  -4.9422032116787830E-01   4.7896171527102566E-03
  -4.0813153345963169E-01  -7.0202285024724115E-01  -5.8360309211537675E-01   7.2918682232467562E-03
  -3.3179262977239263E-01  -7.8013700426825804E-01  -5.3037713506529291E-01   5.8876634964280478E-03
  -2.8873564755944718E-01  -8.8462476072369806E-01  -3.6615674040356904E-01  -2.5160975989616249E-03
  -2.8626518998740611E-01  -7.2506577801887974E-01  -6.2636399844447545E-01   2.8357923383850543E-02
  -2.0768934909133789E-01  -7.9333403385346121E-01  -5.7226413919082119E-01   3.8691339548474342E-03
  -3.6522159768617235E-03  -8.3956193340308864E-01  -5.4325171081085974E-01   8.0022421645923564E-03
   4.4667066456485535E-01  -6.8626646645435238E-01  -5.7404150933312090E-01   1.7504498111326947E-02
   2.5128211425911821E-01  -9.2616304696142357E-01  -2.8121043632233746E-01   2.9085156877105230E-02
   5.3038390085853839E-01  -6.9775955508466482E-01  -4.8148158946955668E-01   4.5548446750102691E-02
   1.1463932090733273E-01  -8.1656411384860980E-01  -5.6575690369322089E-01   3.7036913657747136E-02
   4.2375217680122583E-01  -7.6440514159306456E-01  -4.8592064389394860E-01  -1.3739306089570868E-02
   3.9270780537829415E-01  -8.3332077381486868E-01  -3.8904635652265429E-01   3.3998755650238949E-02
   7.9612643315799704E-01  -2.5346307489170296E-01  -5.4948991991989100E-01   1.4702757847190679E-02
   6.5964990210313914E-01  -2.2686619827928304E-01  -7.1651499267888594E-01   2.9918491307635587E-02
   8.9381323620462627E-01  -2.7071694878915626E-01  -3.5750556977997183E-01   3.0273932068010953E-02
   9.2447579241041459E-01   8.7173713836256094E-02  -3.7114047591596728E-01   1.6485082220292608E-02
   8.3289552115883402E-01   3.9749711823249018E-01  -3.8507283964260597E-01   9.1013572934493485E-03
   7.9038742329909617E-01   3.5459974215067182E-01  -4.9954653832980602E-01   1.6766944843980051E-02
   5.5869923830612684E-01   4.4131512852864815E-01  -7.0220803074864948E-01   2.7390396919153294E-03
   5.1961466476295194E-01   5.5458663439035653E-01  -6.4994943273985716E-01   2.7726923882546676E-02
   6.2898012701748520E-02   9.1845690069963676E-01  -3.9048785071419111E-01   7.9724254787790114E-03
   4.1721155589289224E-01   7.4600928596810200E-01  -5.1904206272593622E-01   1.1840595789550150E-04
   1.7235188583936063E-01   6.6933450686822144E-01  -7.2269367325519793E-01   2.6684323237030707E-02
   4.9846624975170970E-01   8.6176660173606922E-01  -9.4285322244415272E-02   3.0566632053137565E-02
   4.8103163486466744E-02   6.7914218291345775E-01  -7.3242882319726998E-01   2.0892343394285468E-03
  -1.9695673707613545E-01   9.5381297992990372E-01  -2.2682337409878909E-01   8.2811862589784741E-03
  -3.3101003356594054E-01   4.6823786586223707E-01  -8.1925921334547879E-01  -4.9195591643446601E-03
  -6.2337307460983906E-02   8.1864528043293542E-01  -5.7090626631995844E-01   9.3210247308643658E-03
  -3.1340882081972272E-01   6.3875007119750453E-01  -7.0269001528239609E-01   4.6028605986213975E-03
  -4.3039452359952932E-01   6.1676415129551331E-01  -6.5906186032288296E-01   4.6939979119219108E-03
  -4.9447641013579719E-01   5.2131254281121535E-01  -6.9550435838096644E-01   7.2615016429003453E-03
  -5.0306220480370553E-01   3.3702706761881224E-01  -7.9582735174804035E-01  -3.0680475293741378E-03
  -4.6751829125309223E-01   6.8531281909731509E-01  -5.5836635583161653E-01   1.6432753191660238E-02
  -5.5202140631825757E-01   2.2483637363409290E-01  -8.0294518620979573E-01   1.1246494857845485E-02
  -8.5411954576270687E-01   1.9438602422585551E-01  -4.8238353530336439E-01   3.0134351181378851E-02
  -8.1871186322311011E-01   1.1603760998282601E-01  -5.6235767807260952E-01  -8.6722562419772284E-03
  -7.9509912531203577E-01  -2.0542713164335162E-01  -5.7062866604545972E-01   2.5655537901220699E-02
  -8.4831190489135526E-01  -2.4776947090067782E-01  -4.6794999872764000E-01  -2.0096094168220770E-02
  -3.8185562267783685E-01  -2.8498623539789985E-01  -8.7918662925629966E-01   2.9167768410818855E-03
  -7.0494657603305332E-01  -3.9968739130166115E-01  -5.8591835111536436E-01   1.0774539900661395E-02
  -5.2051893341224548E-01  -4.1184675088761046E-01  -7.4795875136446987E-01   1.7334235590761835E-02
  -5.1786352796868406E-01  -5.1024220371514958E-01  -6.8663692002960026E-01   3.0465928204316337E-02
  -3.6106872934280360E-01  -6.4537291379636148E-01  -6.7314424518729074E-01   8.6124866421755186E-03
  -1.6504346046985514E-01  -8.9804539673938457E-01  -4.0776846561662507E-01   1.3150381477611279E-02
  -8.7859681422441280E-02  -7.8711499361359944E-01  -6.1051671820598851E-01   3.7077985445566117E-02
  -5.4476104760262495E-02  -7.0824682052061458E-01  -7.0385992586067107E-01   6.9602561041483346E-03
   1.4607168889616604E-01  -7.3896540357668989E-01  -6.5771817218301142E-01   1.7429654282078665E-02
   3.9465406258370414E-01  -5.5592529658959382E-01  -7.3157038998168175E-01   1.9159826297620806E-02
   5.4997405193818149E-01  -6.1933249206214107E-01  -5.6031759428987815E-01  -3.4788114377497194E-02
   4.5272525693406411E-01  -3.3389840357413373E-01  -8.2677185355128699E-01  -1.3419921575785607E-02
   6.0689122526715397E-01  -5.2801581182004184E-01  -5.9403900811458063E-01   2.5930457655794056E-02
   7.1872988881288533E-01  -2.9891905157842636E-01  -6.2775373159422285E-01   1.4699408482028603E-02
   6.7938996229408434E-01  -1.0997333581407706E-01  -7.2548958954899331E-01   2.4135705431700662E-04
   7.4450389519927284E-01  -1.8163676386400751E-01  -6.4243446050637782E-01   4.3720698146118097E-03
   7.6340295347045756E-01   6.1494666032455675E-02  -6.4298859762995732E-01   3.7025973820078115E-03
   8.1160392263972642E-01   2.3389391123027691E-01  -5.3534354488049284E-01   1.3622998733951610E-02
   9.1376229157712227E-01   2.1069362246099232E-01  -3.4734229795115818E-01   2.5387387958673590E-02
   4.5761911662633334E-01   5.0068749679665263E-01  -7.3477668352339300E-01   1.1998966866009379E-02
   3.8776613101816286E-01   4.4055425941678958E-01  -8.0966003491893374E-01   1.8272811765300360E-03
   2.7494259090441026E-01   4.8557416257009897E-01  -8.2983390166413251E-01   1.6208545620267738E-02
   4.1388719583747111E-01   8.4868954859300504E-01  -3.2927714653585669E-01   3.1910481670587884E-03
   2.4138797720097349E-01   7.3032837425304029E-01  -6.3902449892295463E-01   5.0188688238427729E-04
   4.7150540212304576E-01   6.5678112098008405E-01  -5.8849062430333507E-01   1.3969819476846188E-02
  -6.1258690577514336E-02   9.1460678102993338E-01  -3.9967713084787810E-01   9.8571350077778419E-03
  -7.2543068919911730E-02   6.7336318534567656E-01  -7.3574419724032145E-01   8.1756258961102261E-03
  -2.4160367497683044E-01   7.2421790578631606E-01  -6.4586073512497463E-01   5.3271239949691704E-03
  -2.6328379969430475E-01   5.6659662791198623E-01  -7.8080080818176380E-01   1.3147597009616245E-02
  -3.8263973472233967E-01   5.4602646829882797E-01  -7.4527976581195778E-01   2.7243329917763041E-02
  -3.6059519489838538E-01   7.0259917480285878E-01  -6.1345375129877330E-01   2.3982607281100998E-02
  -5.9503194760086586E-01   4.9529227152989792E-01  -6.3294750737883003E-01   9.4662703938249190E-03
  -5.5391414308312167E-01   4.1734269615258696E-01  -7.2041945841334715E-01   2.1218350870718074E-02
  -6.8757332401657027E-01   7.5185897476780798E-02  -7.2221188367501651E-01  -6.0752013961530035E-03
  -7.1379766667867636E-01  -4.2719485432000565E-02  -6.9904787862384809E-01   3.0986323095084813E-02
  -5.6503994972263624E-01  -2.0361097150995535E-01  -7.9954513787416212E-01   2.2789213571791075E-02
  -5.7381233645303204E-01  -3.1355669461392143E-01  -7.5658548875662710E-01  -1.0169387744618523E-02
  -4.2822253539972630E-01  -4.9887278034436608E-01  -7.5349280634078521E-01  -4.1771371015845906E-03
  -7.8295297098778862E-01  -3.2596273551720500E-01  -5.2984237304648988E-01   3.9204683902912886E-02
  -7.6878005693622544E-02  -9.3846557766353004E-01  -3.3670778396293181E-01  -8.1113587101588020E-03
  -3.0121213901881986E-01  -3.7317331763756316E-01  -8.7750380187842011E-01   1.0191517850661211E-02
  -2.4872823716814549E-01  -6.4855637334775986E-01  -7.1938091066223597E-01   4.7450764233215769E-03
  -1.6955598095089088E-01  -7.2342746729620834E-01  -6.6925590687357736E-01   1.6668934958136483E-03
  -2.4063091796893725E-02  -6.1681870922651329E-01  -7.8673734343890933E-01  -8.1140715756882730E-03
   2.9792335442170362E-02  -7.6801103679897693E-01  -6.3974327984267382E-01  -8.3708498407265921E-03
   2.8606778217334252E-01  -6.0667718322626242E-01  -7.4169267176848467E-01   3.3733516569594770E-02
   2.5989744137739521E-01  -7.0032746141727617E-01  -6.6482686975656815E-01   3.1845348033086660E-02
   6.8050880618528335E-01  -4.1398449738012637E-01  -6.0458630536359692E-01   9.6983564994330553E-03
   5.2765967638559310E-01  -3.8960058892414535E-01  -7.5484213384429619E-01   3.3504623479681061E-02
   6.3028348428198066E-01  -3.3973387320489676E-01  -6.9808568588574093E-01   3.9705510189913336E-04
   5.6168497623929516E-01  -2.7799761005697649E-01  -7.7924791707753175E-01   4.5241235256280694E-03
   7.5588149721281112E-01   1.8444494344151383E-01  -6.2819043689806015E-01   5.6867236528893974E-03
   7.5889151308919453E-01  -6.1256155904638420E-02  -6.4832966515884447E-01   3.0117385101407752E-02
   6.1715677872728624E-01   4.9210159566451192E-01  -6.1396541434790989E-01   1.0989360224795290E-02
   6.7733912629750765E-01   2.5534335320690093E-01  -6.8993585206132372E-01   1.0388637480872187E-02
   4.1433320584412944E-01   3.2332953697068256E-01  -8.5075613724336438E-01   8.7924377833207234E-03
   3.5971915198372572E-01   6.9990888316151274E-01  -6.1703297072985741E-01   2.5307314238687288E-02
   4.1261066157437555E-01   6.0671419615668078E-01  -6.7944854561409471E-01  -5.8495400820302174E-04
  -2.0508575249625056E-02   5.9317466500956737E-01  -8.0481253415439422E-01   3.1612894980915302E-02
   1.8502596110253829E-01   8.0522945689691152E-01  -5.6335682783080454E-01   2.4643875117851234E-02
   1.0032141072810982E-01   5.9616011036389515E-01  -7.9657312116366965E-01   1.1574683760272683E-02
  -5.2097501541988195E-03   7.5371074274507030E-01  -6.5718564711503333E-01   2.4270097627515063E-02
  -1.9202445008993965E-01   6.5749033831325043E-01  -7.2858291607227769E-01   2.8362918720934832E-02
  -2.1046256474318720E-01   4.8643743265396848E-01  -8.4798828585938359E-01   2.8163284662099838E-02
  -3.9171252923542834E-01   3.6260023779944612E-01  -8.4562542652628938E-01   2.5595657614968434E-02
  -6.5175402430465991E-01   1.9248470119357531E-01  -7.3359820856453890E-01   5.8694716511594249E-03
  -9.4504120163521587E-01   2.9726492737924798E-01  -1.3612747761593761E-01   2.5314480635152061E-02
  -5.9236805928936533E-01   1.0978425094335015E-01  -7.9815255470277008E-01   3.1180670237843508E-02
  -6.4457932873186472E-01  -1.2165762988498405E-01  -7.5479593935205224E-01  -1.0374105370938015E-02
  -5.4834443874696869E-01  -9.1645048419331480E-02  -8.3121571303452288E-01   2.7283837074947401E-02
  -6.5641849239746798E-01  -2.3547527157645413E-01  -7.1670507136103793E-01   2.3215717515284595E-02
  -2.5166352320620393E-01  -1.4925246064743782E-01  -9.5623698635752703E-01  -9.9986588032327912E-03
  -3.4111730089577663E-01  -5.6740449735889182E-01  -7.4946055493700489E-01   2.8613092709344938E-02
  -2.0728644732530150E-01  -4.5914504730919993E-01  -8.6383919469232672E-01   1.9879230765741324E-02
  -1.3739738691890197E-01  -6.3716648048363229E-01  -7.5838040205160801E-01   3.3918613877287331E-02
   8.9957420062854307E-02  -5.8734628827117862E-01  -8.0432083165221115E-01   2.2215511850502998E-02
   1.1599172890120292E-01  -4.8326976398280461E-01  -8.6775356757924893E-01   1.1584947821843534E-03
   3.4024275628333451E-01  -7.4050990102128899E-01  -5.7955151046836226E-01   3.5898120602017016E-02
   2.3053036566557021E-01  -4.4050099658241128E-01  -8.6764890509698737E-01   2.2710674941702411E-02
   4.2371706261450938E-01  -4.4856771660779779E-01  -7.8692493572551018E-01   3.3922332625316338E-02
   4.8362999827591899E-01  -2.1899775582026905E-01  -8.4743259774056394E-01   3.8029756376714534E-02
   5.0591275222662908E-01  -1.0058200979658429E-01  -8.5670038312105187E-01  -2.6309280077279773E-03
   6.8858661170216928E-01   1.3235816634301580E-01  -7.1297250577202522E-01   2.8457585237368615E-02
   7.3883685721247225E-01   3.0701718590645938E-01  -5.9988377706225364E-01   1.4002168217157078E-02
   6.0524744202062255E-01   1.9974722370401522E-01  -7.7056899791649504E-01   8.9142256782905402E-03
   6.5162498032661027E-01   3.7449321233180499E-01  -6.5965121005858122E-01   2.2948364102426954E-02
   4.9156791481776460E-01   3.8459916566899590E-01  -7.8130945654614158E-01   2.4987171899848257E-02
   2.2457424968545787E-01   5.8185386699086629E-01  -7.8167287521442680E-01  -2.2029261489083378E-03
   2.9542622194946922E-01   6.4499273006191657E-01  -7.0477494673969411E-01   1.4852090454338604E-02
   1.5217212421817341E-01   5.0544340660079694E-01  -8.4933539154724400E-01   3.0918391644623905E-02
   3.2771813658907813E-02   5.0461830070636901E-01  -8.6272033639049130E-01  -1.1151583854959186E-02
  -8.6838244611345896E-02   4.9647004178018487E-01  -8.6369937876995237E-01   2.2290493561254249E-02
  -8.8408373944246054E-02   3.0952748117524460E-01  -9.4677172423654631E-01   2.2792384934628926E-02
  -2.1274431986364432E-01   2.9417646595190149E-01  -9.3177253728890558E-01   2.8450030519346523E-02
  -4.4434780757528420E-01   2.5198915344675749E-01  -8.5968394916284491E-01   2.8967569774903815E-02
  -4.1892051382417845E-01   4.3855416545352801E-02  -9.0696323273709396E-01   3.4965287846670149E-02
  -5.2368080217652632E-01   2.2772173935628128E-02  -8.5161014879227181E-01   3.3058689816652080E-04
  -4.4643745650784474E-01  -7.2947411821558967E-02  -8.9183646064474295E-01   4.2048807979823141E-03
  -4.8139199365269060E-01  -3.0285837898742702E-01  -8.2251963546422164E-01   2.5052250444081054E-02
  -6.4182373566874604E-01  -3.5653711299060470E-01  -6.7892825791282271E-01   3.7549115800156567E-02
  -4.1387862004671935E-01  -3.9740580884656804E-01  -8.1900739371707036E-01   1.7249440700893847E-02
  -2.2841758410157804E-01  -5.5776488519939073E-01  -7.9794971026481924E-01  -5.4292507912495100E-04
  -1.1458212089352046E-01  -5.4180574580340126E-01  -8.3265687494067019E-01   1.5179471461086347E-02
   6.2097372645816122E-04  -5.1706564802954479E-01  -8.5594551813735080E-01   2.1910087407256897E-02
   3.1461940266709724E-01  -5.0178103452155209E-01  -8.0574836323748115E-01  -8.7250432138037083E-03
   1.7461701376718172E-01  -6.4952761915626950E-01  -7.4001538528345474E-01  -1.6513259527359416E-02
   3.4335078651523383E-01  -3.9032272619803629E-01  -8.5425898111328226E-01   1.6050426846713198E-02
   2.8446643417988521E-01  -2.1085059760912510E-01  -9.3521167299860827E-01   1.5894790363000794E-02
   3.9944724930627995E-01  -1.5749869617722049E-01  -9.0312571424144607E-01  -5.4567990454763384E-03
   4.1816420255555772E-01  -3.7211041421906663E-02  -9.0760896761621498E-01   3.7322920998434954E-02
   5.2044222480837287E-01   1.4324825548103281E-01  -8.4179559748085637E-01   2.8863158756258968E-02
   5.1304724704608304E-01   2.6331621306995272E-01  -8.1697435347318876E-01   1.1612718755007185E-02
   3.1438879478886194E-01   2.6967442790998346E-01  -9.1018426081900027E-01   1.3375536864099828E-02
   5.8747579322677854E-01   3.2117498541916535E-01  -7.4277777370729545E-01   1.0062605822461494E-02
   3.4696607086948381E-01   5.4948882287020115E-01  -7.6005037938686204E-01   2.4608351538703701E-02
   5.0255890296824983E-02   3.0473128949402479E-01  -9.5111155323325888E-01  -1.7365964906545929E-02
  -1.4071710544317737E-01   5.8137714091516183E-01  -8.0137339377908336E-01  -5.6699705095372889E-03
  -2.7517696379520719E-02   4.0324458831934624E-01  -9.1467840161289775E-01   2.5125666806136832E-02
  -1.5338550306625364E-01   3.9964031274788386E-01  -9.0374803340084000E-01  -1.1656739067810280E-02
  -3.7972452316205003E-01   1.6059128495798800E-01  -9.1105418373711231E-01   1.5332453738497003E-02
  -2.6581268495981129E-01   1.8151057492479250E-01  -9.4678272465488468E-01   3.3687277694101771E-02
  -3.0957678349329831E-01   6.4329299017813870E-02  -9.4869592410309220E-01  -1.0965358812276559E-02
  -7.7183246429182119E-01   3.6695225685410641E-02  -6.3476618331249436E-01   1.7364000173716160E-02
  -4.6623320248811470E-01  -1.8841752582110073E-01  -8.6436418069071532E-01   5.9609148065446868E-04
  -5.7018678551229342E-01  -5.6710246046679948E-01  -5.9437515843081811E-01   5.0872687717412752E-03
  -1.8610158802417453E-01  -3.5437020212510934E-01  -9.1639945372129592E-01   8.9015793060778509E-03
  -9.2054122491502283E-02  -4.3950892915234147E-01  -8.9350877988281780E-01   7.2690481401266966E-03
   2.4793385301931958E-02  -4.1081455200068646E-01  -9.1138174872538737E-01   1.2688715418426337E-02
   2.0320735525553299E-01  -5.4874099124247006E-01  -8.1091929025044358E-01   1.9997630369007096E-02
   2.5768979589183316E-01  -3.2733616637590898E-01  -9.0909130634691948E-01   5.9953298646458241E-03
   3.7141325506731308E-01  -2.7430517595382299E-01  -8.8702247119520336E-01   2.3127548092942702E-02
   5.1945180840622189E-01   1.9972247658084086E-02  -8.5426630980449544E-01   9.6862856677619681E-03
   4.2905089895486323E-01   8.3873103419287975E-02  -8.9937791201965886E-01  -1.4705250415118731E-03
   3.3259034907022111E-01   1.4809480469703952E-01  -9.3137081150693905E-01   3.5477894920497701E-02
   1.1570092948918786E-01   2.0034400547000128E-01  -9.7286976229481716E-01   3.5862030747191813E-02
   3.0866802812176330E-01   3.7409256767706997E-01  -8.7451632301758621E-01   2.6263598406506343E-02
   8.9016352349452496E-02   4.0749049674357342E-01  -9.0886059661428486E-01   2.6714563373498636E-02
   1.7460336616915840E-01   3.0847087013544434E-01  -9.3507186183751720E-01   3.3669271577898332E-02
  -2.7493606274480200E-01   3.8365047214772305E-01  -8.8160222131254606E-01   2.2235855225136007E-02
  -3.3111738554834433E-01   2.7446382768617376E-01  -9.0279060932172043E-01  -1.3587410448338961E-02
  -1.9650498277799513E-01   8.4227112140103645E-02  -9.7687849056264823E-01   1.8743989908516338E-02
  -2.2786062561423832E-01  -3.3174971133389972E-02  -9.7312843786675280E-01   3.4852810540874510E-02
  -3.6182237136206825E-01  -1.6983700205986660E-01  -9.1664604090851025E-01   3.1336478882205467E-02
  -3.2042087772446170E-01  -4.7386923569364185E-01  -8.2023070448588377E-01   1.5613713803560358E-02
  -4.3603204263637795E-02  -2.1995577850250733E-01  -9.7453487165996239E-01   2.3411921214858364E-03
   4.9565658244224124E-02  -2.9960085564905547E-01  -9.5277624488500478E-01   1.3755768966959713E-02
   1.4164662988582996E-01  -3.7336071620846000E-01  -9.1680859934573728E-01   1.6488624765367092E-02
   1.6750285242599280E-01  -2.5937737901379831E-01  -9.5113940602053084E-01   9.8277878336366786E-03
   3.0998874964455365E-01  -9.3096133497318209E-02  -9.4617127678959676E-01   1.5632650452903476E-02
   3.2439953120772004E-01   2.8429753727073080E-02  -9.4549283088515760E-01  -2.9648511294810568E-03
   2.2418178929788363E-01   9.8890265923922164E-02  -9.6951701411202435E-01   1.7202019979481897E-02
   2.0366501364594302E-01   4.0632237652873506E-01  -8.9074277350346147E-01  -1.2332002255531704E-02
   2.2729648755499791E-01   2.1000887973545538E-01  -9.5091144549711863E-01  -1.4935291467134554E-02
  -2.4006665178983066E-02   2.1962978238160753E-01  -9.7528787479286940E-01   3.1934113355821436E-02
  -8.1142506405125125E-02   1.0366668502375724E-01  -9.9129668216456732E-01   3.1912256733758055E-02
  -3.3949092315169342E-01  -5.3304216654106424E-02  -9.3909774442520248E-01   1.0387198712491521E-02
  -2.7356666458504284E-01  -2.6335726599412985E-01  -9.2509687626535193E-01   2.0938524001542004E-02
  -1.6023876294729459E-01  -2.4356816926406752E-01  -9.5655532290112272E-01   1.5509633713061166E-02
   3.5700525790209645E-02   1.2419345556232432E-01  -9.9161557977564651E-01  -1.7315125708811534E-02
   7.5305739372907627E-02  -1.8427025130194916E-01  -9.7998648975514761E-01   1.9819569985524340E-02
   1.9324441720010508E-01  -1.4265885664964925E-01  -9.7072398025412276E-01   1.4431628003650478E-02
   2.1651833558566848E-01  -2.4470439416493352E-02  -9.7597182743662003E-01   1.6784637851041224E-02
   1.2406032397823705E-01   5.4815274983719879E-02  -9.9075946709727382E-01   1.7780836882734130E-02
  -1.4745787675195655E-01   2.0106740584620337E-01  -9.6841523784484255E-01  -1.7573050608207760E-02
   5.0989247790812299E-03   8.8481618912431407E-03  -9.9994785413902640E-01   3.0238742786275967E-02
  -1.3732634035025501E-01  -1.2937391390942178E-01  -9.8204066445629596E-01   2.7446462298081657E-02
  -6.8989414574598919E-02  -3.3199298488357915E-01  -9.4075561048805109E-01   1.8685325555728752E-02
   1.0042363240133236E-01  -6.6512595549536728E-02  -9.9271907843487419E-01   9.5224885757201622E-04
  -1.9691320844954933E-02  -1.0582651340523177E-01  -9.9418962021531562E-01   1.5596799972190549E-02
  -1.1283094303789940E-01  -1.3516001971988416E-02  -9.9352226748265266E-01  -1.5691921072127838E-02
